1E-06 0.22805
0.00250098 0.0521279
0.00500095 0.109793
0.00750093 0.174021
0.0100009 0.244647
0.0125009 0.323334
0.0150008 0.413739
0.0175008 0.509725
0.0200008 0.615409
0.0225008 0.74545
0.0250008 0.867709
0.0275007 1.01889
0.0300007 1.18895
0.0325007 1.36506
0.0350007 1.56519
0.0375006 1.82428
0.0400006 2.03009
0.0425006 2.33362
0.0450006 2.70403
0.0475005 3.0335
0.0500005 3.31188
0.0525005 3.85399
0.0550005 4.18609
0.0575004 4.68075
0.0600004 5.39928
0.0625004 5.85707
0.0650004 6.53168
0.0675003 7.67236
0.0700003 8.34958
0.0725003 9.16429
0.0750003 10.3296
0.0775002 11.6218
0.0800002 12.9262
0.0825002 14.5152
0.0850002 16.2572
0.0875001 18.2548
0.0900001 20.5124
0.0925001 22.9814
0.0950001 25.2369
0.0975 28.5729
