0 0
0.01 0.00124974
0.02 0.00249583
0.03 0.00372892
0.04 0.00493967
0.05 0.00611883
0.06 0.00725725
0.07 0.00834593
0.08 0.00937607
0.09 0.0103391
0.1 0.0112266
0.11 0.0120307
0.12 0.0127437
0.13 0.0133582
0.14 0.0138673
0.15 0.0142644
0.16 0.0145437
0.17 0.0146995
0.18 0.0147268
0.19 0.014621
0.2 0.0143784
0.21 0.0139954
0.22 0.0134694
0.23 0.0127983
0.24 0.0119805
0.25 0.0110152
0.26 0.00990208
0.27 0.00864176
0.28 0.00723533
0.29 0.00568462
0.3 0.00399209
0.31 0.0021609
0.32 0.000194862
0.33 -0.00190155
0.34 -0.00412321
0.35 -0.00646435
0.36 -0.0089186
0.37 -0.011479
0.38 -0.0141378
0.39 -0.0168871
0.4 -0.0197181
0.41 -0.0226215
0.42 -0.0255877
0.43 -0.0286065
0.44 -0.0316674
0.45 -0.0347593
0.46 -0.0378708
0.47 -0.0409904
0.48 -0.044106
0.49 -0.0472055
0.5 -0.0502764
0.51 -0.0533061
0.52 -0.056282
0.53 -0.0591912
0.54 -0.062021
0.55 -0.0647586
0.56 -0.0673912
0.57 -0.0699063
0.58 -0.0722912
0.59 -0.0745338
0.6 -0.0766221
0.61 -0.0785442
0.62 -0.0802887
0.63 -0.0818447
0.64 -0.0832015
0.65 -0.084349
0.66 -0.0852776
0.67 -0.0859781
0.68 -0.0864422
0.69 -0.0866619
0.7 -0.08663
0.71 -0.0863401
0.72 -0.0857864
0.73 -0.0849638
0.74 -0.0838683
0.75 -0.0824963
0.76 -0.0808454
0.77 -0.0789138
0.78 -0.0767008
0.79 -0.0742065
0.8 -0.0714319
0.81 -0.0683788
0.82 -0.0650503
0.83 -0.0614501
0.839999 -0.0575829
0.849999 -0.0534545
0.859999 -0.0490715
0.869999 -0.0444414
0.879999 -0.0395727
0.889999 -0.0344748
0.899999 -0.0291579
0.909999 -0.0236333
0.919999 -0.0179129
0.929999 -0.0120096
0.939999 -0.00593691
0.949999 0.000290686
0.959999 0.00665808
0.969999 0.0131494
0.979999 0.0197483
0.989999 0.0264375
0.999999 0.0331994
1.01 0.0400155
1.02 0.0468676
1.03 0.0537363
1.04 0.0606021
1.05 0.0674452
1.06 0.0742455
1.07 0.0809825
1.08 0.0876359
1.09 0.0941851
1.1 0.100609
1.11 0.106888
1.12 0.113001
1.13 0.118928
1.14 0.124648
1.15 0.130141
1.16 0.135389
1.17 0.140372
1.18 0.145071
1.19 0.149468
1.2 0.153546
1.21 0.157288
1.22 0.160677
1.23 0.163699
1.24 0.166338
1.25 0.16858
1.26 0.170414
1.27 0.171826
1.28 0.172807
1.29 0.173346
1.3 0.173435
1.31 0.173066
1.32 0.172234
1.33 0.170932
1.34 0.169157
1.35 0.166906
1.36 0.164179
1.37 0.160975
1.38 0.157296
1.39 0.153144
1.4 0.148524
1.41 0.143441
1.42 0.137901
1.43 0.131914
1.44 0.125488
1.45 0.118635
1.46 0.111367
1.47 0.103697
1.48 0.0956411
1.49 0.0872145
1.5 0.0784349
1.51 0.069321
1.52 0.0598926
1.53 0.0501706
1.54 0.040177
1.55 0.029935
1.56 0.0194684
1.57 0.00880247
1.58 -0.00203712
1.59 -0.0130236
1.6 -0.0241297
1.61 -0.0353272
1.62 -0.0465874
1.63 -0.0578812
1.64 -0.0691787
1.65 -0.0804499
1.66 -0.0916645
1.67 -0.102792
1.68 -0.113801
1.69 -0.124662
1.7 -0.135342
1.71 -0.145813
1.72 -0.156042
1.73 -0.166001
1.74 -0.175659
1.75 -0.184987
1.76 -0.193955
1.77 -0.202536
1.78 -0.210703
1.79 -0.218428
1.8 -0.225685
1.81 -0.232451
1.82 -0.2387
1.83 -0.244411
1.84 -0.249561
1.85 -0.254131
1.86 -0.258101
1.87 -0.261454
1.88 -0.264173
1.89 -0.266245
1.9 -0.267655
1.91 -0.268393
1.92 -0.268449
1.93 -0.267815
1.94 -0.266484
1.95 -0.264453
1.96 -0.261717
1.97 -0.258277
1.98 -0.254134
1.99 -0.24929
2 -0.243751
2.01 -0.237522
2.02 -0.230613
2.03 -0.223034
2.04 -0.214798
2.05 -0.205918
2.06 -0.196412
2.07 -0.186296
2.08 -0.175591
2.09 -0.164319
2.1 -0.152502
2.11 -0.140165
2.12 -0.127336
2.13 -0.114042
2.14 -0.100313
2.15 -0.0861795
2.16 -0.0716751
2.17 -0.0568333
2.18 -0.0416889
2.19 -0.0262784
2.2 -0.010639
2.21 0.00519112
2.22 0.0211727
2.23 0.0372659
2.24 0.05343
2.25 0.0696238
2.26 0.0858056
2.27 0.101933
2.28 0.117965
2.29 0.133857
2.3 0.149568
2.31 0.165055
2.32 0.180275
2.33 0.195187
2.34 0.20975
2.35 0.223921
2.36 0.23766
2.37 0.250929
2.38 0.263687
2.39 0.275897
2.4 0.287522
2.41 0.298527
2.42 0.308877
2.43 0.318539
2.44 0.327482
2.45 0.335675
2.46 0.343092
2.47 0.349704
2.48 0.355488
2.49 0.360421
2.5 0.364483
2.51 0.367654
2.52 0.369919
2.53 0.371263
2.54 0.371674
2.55 0.371144
2.56 0.369663
2.57 0.367229
2.58 0.363838
2.59 0.35949
2.6 0.354188
2.61 0.347938
2.62 0.340746
2.63 0.332623
2.64 0.323581
2.65 0.313636
2.66 0.302806
2.67 0.291109
2.68 0.278569
2.69 0.265211
2.7 0.251061
2.71 0.236149
2.72 0.220507
2.73 0.204168
2.74 0.18717
2.75 0.169548
2.76 0.151344
2.77 0.132599
2.78 0.113357
2.79 0.093662
2.8 0.0735616
2.81 0.0531036
2.82 0.0323374
2.83 0.0113138
2.84 -0.00991573
2.85 -0.0312984
2.86 -0.0527807
2.87 -0.0743084
2.88 -0.0958269
2.89 -0.117281
2.9 -0.138615
2.91 -0.159774
2.92 -0.180702
2.93 -0.201343
2.94 -0.221642
2.95 -0.241546
2.96 -0.260998
2.97 -0.279948
2.98 -0.29834
2.99 -0.316126
3 -0.333253
3.01 -0.349672
3.02 -0.365338
3.03 -0.380202
3.04 -0.394222
3.05 -0.407354
3.06 -0.419558
3.07 -0.430796
3.08 -0.441031
3.09 -0.45023
3.1 -0.45836
3.11 -0.465393
3.12 -0.471302
3.13 -0.476064
3.14 -0.479657
3.15 -0.482064
3.16 -0.483269
3.17 -0.483261
3.18 -0.482028
3.19 -0.479567
3.2 -0.475872
3.21 -0.470946
3.22 -0.46479
3.23 -0.457412
3.24 -0.44882
3.25 -0.439029
3.26 -0.428053
3.27 -0.415911
3.28 -0.402627
3.29 -0.388226
3.3 -0.372735
3.31 -0.356187
3.32 -0.338615
3.33 -0.320057
3.34 -0.300554
3.35 -0.280147
3.36 -0.258882
3.37 -0.236806
3.38 -0.213972
3.39 -0.190429
3.4 -0.166235
3.41 -0.141445
3.42 -0.116119
3.43 -0.0903161
3.44 -0.0640995
3.45 -0.0375329
3.46 -0.0106811
3.47 0.0163895
3.48 0.0436115
3.49 0.070917
3.5 0.0982369
3.51 0.125502
3.52 0.152643
3.53 0.179589
3.54 0.206271
3.55 0.232619
3.56 0.258564
3.57 0.284037
3.58 0.30897
3.59 0.333297
3.6 0.35695
3.61 0.379865
3.62 0.40198
3.63 0.423232
3.64 0.443561
3.65 0.462911
3.66 0.481223
3.67 0.498446
3.68 0.514528
3.69 0.529421
3.7 0.543078
3.71 0.555457
3.72 0.566518
3.73 0.576223
3.74 0.584539
3.75 0.591436
3.76 0.596887
3.77 0.600868
3.78 0.603359
3.79 0.604344
3.8 0.603811
3.81 0.601751
3.82 0.598159
3.83 0.593034
3.84 0.58638
3.85 0.578202
3.86 0.568512
3.87 0.557325
3.88 0.544658
3.89 0.530535
3.9 0.514982
3.91 0.498029
3.92 0.479711
3.93 0.460063
3.94 0.439129
3.95 0.416952
3.96 0.393581
3.97 0.369068
3.98 0.343466
3.99 0.316836
4 0.289236
4.01 0.260732
4.02 0.231389
4.03 0.201278
4.04 0.170467
4.05 0.139033
4.06 0.107049
4.07 0.0745945
4.08 0.0417476
4.09 0.00858941
4.1 -0.0247982
4.11 -0.058332
4.12 -0.091928
4.13 -0.125502
4.14 -0.158968
4.15 -0.192241
4.16 -0.225236
4.17 -0.257867
4.18 -0.29005
4.19 -0.321701
4.2 -0.352735
4.21 -0.383072
4.22 -0.412629
4.23 -0.441327
4.24 -0.469089
4.25 -0.495838
4.26 -0.5215
4.27 -0.546005
4.28 -0.569283
4.29 -0.591268
4.3 -0.611897
4.31 -0.631108
4.32 -0.648846
4.33 -0.665056
4.34 -0.679688
4.35 -0.692696
4.36 -0.704038
4.37001 -0.713674
4.38001 -0.72157
4.39001 -0.727696
4.40001 -0.732026
4.41001 -0.734538
4.42001 -0.735216
4.43001 -0.734046
4.44001 -0.731022
4.45001 -0.726139
4.46001 -0.719399
4.47001 -0.710808
4.48001 -0.700377
4.49001 -0.688123
4.50001 -0.674064
4.51001 -0.658227
4.52001 -0.64064
4.53001 -0.621339
4.54001 -0.600361
4.55001 -0.577752
4.56001 -0.553557
4.57001 -0.527829
4.58001 -0.500625
4.59001 -0.472004
4.60001 -0.44203
4.61001 -0.410773
4.62001 -0.378303
4.63001 -0.344695
4.64001 -0.310028
4.65001 -0.274384
4.66001 -0.237846
4.67001 -0.200502
4.68001 -0.162442
4.69001 -0.123758
4.70001 -0.0845443
4.71001 -0.0448964
4.72001 -0.00491227
4.73001 0.0353091
4.74001 0.0756675
4.75001 0.116062
4.76001 0.15639
4.77001 0.19655
4.78001 0.23644
4.79001 0.275957
4.80001 0.315
4.81002 0.353467
4.82002 0.391259
4.83002 0.428275
4.84002 0.464419
4.85002 0.499594
4.86002 0.533706
4.87002 0.566663
4.88002 0.598377
4.89002 0.628759
4.90002 0.657726
4.91002 0.685197
4.92002 0.711095
4.93002 0.735346
4.94002 0.75788
4.95002 0.778629
4.96002 0.797534
4.97002 0.814535
4.98002 0.82958
4.99002 0.84262
