0 0 12.5312 12.5 12.4688 
0.01 0 12.5626 12.5 12.438 
0.02 0 12.594 12.5001 12.408 
0.03 0 12.6255 12.5001 12.3789 
0.04 0 12.657 12.5001 12.3511 
0.05 0 12.6887 12.5001 12.3248 
0.06 0 12.7204 12.5001 12.3004 
0.07 0 12.7522 12.5002 12.2781 
0.08 0 12.7841 12.5002 12.2581 
0.09 0 12.816 12.5002 12.2405 
0.1 0 12.8481 12.5002 12.2257 
0.11 0 12.8802 12.5002 12.2136 
0.12 0 12.9124 12.5003 12.2045 
0.13 0 12.9447 12.5003 12.1984 
0.14 0 12.977 12.5003 12.1954 
0.15 0 13.0095 12.5003 12.1956 
0.16 0 13.042 12.5003 12.1988 
0.17 0 13.0746 12.5004 12.2052 
0.18 0 13.1073 12.5004 12.2146 
0.19 0 13.1401 12.5004 12.2269 
0.2 0 13.1729 12.5004 12.242 
0.21 0 13.2059 12.5004 12.2597 
0.22 0 13.2389 12.5004 12.28 
0.23 0 13.272 12.5005 12.3025 
0.24 0 13.3051 12.5005 12.3271 
0.25 0 13.3384 12.5005 12.3534 
0.26 0 13.3718 12.5005 12.3814 
0.27 0 13.4052 12.5005 12.4106 
0.28 0 13.4387 12.5006 12.4407 
0.29 0 13.4723 12.5006 12.4715 
0.3 0 13.506 12.5006 12.5027 
0.31 0 13.5397 12.5006 12.534 
0.32 0 13.5736 12.5006 12.565 
0.33 0 13.6075 12.5007 12.5954 
0.34 0 13.6415 12.5007 12.6249 
0.35 0 13.6756 12.5007 12.6533 
0.36 0 13.7098 12.5007 12.6802 
0.37 0 13.7441 12.5007 12.7054 
0.38 0 13.7785 12.5008 12.7286 
0.39 0 13.8129 12.5008 12.7496 
0.4 0 13.8474 12.5008 12.7682 
0.41 0 13.8821 12.5008 12.7842 
0.42 0 13.9168 12.5008 12.7974 
0.43 0 13.9516 12.5009 12.8077 
0.44 0 13.9864 12.5009 12.8151 
0.45 0 14.0214 12.5009 12.8193 
0.46 0 14.0565 12.5009 12.8205 
0.47 0 14.0916 12.5009 12.8185 
0.48 0 14.1268 12.501 12.8134 
0.49 0 14.1621 12.501 12.8053 
0.5 0 14.1976 12.501 12.7942 
0.51 0 14.233 12.501 12.7802 
0.52 0 14.2686 12.501 12.7635 
0.53 0 14.3043 12.5011 12.7443 
0.54 0 14.3401 12.5011 12.7227 
0.55 0 14.3759 12.5011 12.6989 
0.56 0 14.4119 12.5011 12.6733 
0.57 0 14.4479 12.5011 12.646 
0.58 0 14.484 12.5012 12.6173 
0.59 0 14.5202 12.5012 12.5875 
0.6 0 14.5565 12.5012 12.5569 
0.61 0 14.5929 12.5012 12.5258 
0.62 0 14.6294 12.5012 12.4945 
0.63 0 14.666 12.5013 12.4634 
0.64 0 14.7026 12.5013 12.4327 
0.65 0 14.7394 12.5013 12.4028 
0.66 0 14.7762 12.5013 12.3739 
0.67 0 14.8132 12.5013 12.3464 
0.68 0 14.8502 12.5013 12.3204 
0.69 0 14.8873 12.5014 12.2964 
0.7 0 14.9245 12.5014 12.2744 
0.71 0 14.9619 12.5014 12.2548 
0.72 0 14.9993 12.5014 12.2377 
0.73 0 15.0368 12.5014 12.2234 
0.74 0 15.0744 12.5015 12.2118 
0.75 0 15.112 12.5015 12.2032 
0.76 0 15.1498 12.5015 12.1977 
0.77 0 15.1877 12.5015 12.1952 
0.78 0 15.2257 12.5015 12.1959 
0.79 0 15.2637 12.5016 12.1997 
0.8 0 15.3019 12.5016 12.2066 
0.81 0 15.3401 12.5016 12.2165 
0.82 0 15.3785 12.5016 12.2293 
0.83 0 15.4169 12.5016 12.2449 
0.839999 0 15.4555 12.5017 12.2631 
0.849999 0 15.4941 12.5017 12.2837 
0.859999 0 15.5329 12.5017 12.3066 
0.869999 0 15.5717 12.5017 12.3316 
0.879999 0 15.6106 12.5017 12.3582 
0.889999 0 15.6496 12.5018 12.3864 
0.899999 0 15.6888 12.5018 12.4158 
0.909999 0 15.728 12.5018 12.4461 
0.919999 0 15.7673 12.5018 12.477 
0.929999 0 15.8067 12.5018 12.5082 
0.939999 0 15.8462 12.5019 12.5394 
0.949999 0 15.8859 12.5019 12.5703 
0.959999 0 15.9256 12.5019 12.6006 
0.969999 0 15.9654 12.5019 12.6299 
0.979999 0 16.0053 12.5019 12.6581 
0.989999 0 16.0453 12.502 12.6847 
0.999999 0 16.0854 12.502 12.7096 
1.01 0 16.1256 12.502 12.7324 
1.02 0 16.166 12.502 12.753 
1.03 0 16.2064 12.502 12.7712 
1.04 0 16.2469 12.5021 12.7867 
1.05 0 16.2875 12.5021 12.7994 
1.06 0 16.3282 12.5021 12.8092 
1.07 0 16.369 12.5021 12.816 
1.08 0 16.41 12.5021 12.8198 
1.09 0 16.451 12.5021 12.8204 
1.1 0 16.4921 12.5022 12.8179 
1.11 0 16.5333 12.5022 12.8122 
1.12 0 16.5747 12.5022 12.8036 
1.13 0 16.6161 12.5022 12.792 
1.14 0 16.6577 12.5022 12.7775 
1.15 0 16.6993 12.5023 12.7604 
1.16 0 16.741 12.5023 12.7407 
1.17 0 16.7829 12.5023 12.7187 
1.18 0 16.8249 12.5023 12.6946 
1.19 0 16.8669 12.5023 12.6686 
1.2 0 16.9091 12.5024 12.641 
1.21 0 16.9514 12.5024 12.6121 
1.22 0 16.9937 12.5024 12.5822 
1.23 0 17.0362 12.5024 12.5515 
1.24 0 17.0788 12.5024 12.5203 
1.25 0 17.1215 12.5025 12.4891 
1.26 0 17.1643 12.5025 12.458 
1.27 0 17.2072 12.5025 12.4274 
1.28 0 17.2502 12.5025 12.3977 
1.29 0 17.2934 12.5025 12.369 
1.3 0 17.3366 12.5026 12.3417 
1.31 0 17.3799 12.5026 12.3161 
1.32 0 17.4234 12.5026 12.2924 
1.33 0 17.467 12.5026 12.2708 
1.34 0 17.5106 12.5026 12.2517 
1.35 0 17.5544 12.5027 12.235 
1.36 0 17.5983 12.5027 12.2211 
1.37 0 17.6423 12.5027 12.2101 
1.38 0 17.6864 12.5027 12.202 
1.39 0 17.7306 12.5027 12.197 
1.4 0 17.7749 12.5028 12.1951 
1.41 0 17.8194 12.5028 12.1964 
1.42 0 17.8639 12.5028 12.2007 
1.43 0 17.9086 12.5028 12.2081 
1.44 0 17.9533 12.5028 12.2185 
1.45 0 17.9982 12.5029 12.2318 
1.46 0 18.0432 12.5029 12.2479 
1.47 0 18.0883 12.5029 12.2665 
1.48 0 18.1335 12.5029 12.2876 
1.49 0 18.1789 12.5029 12.3109 
1.5 0 18.2243 12.5029 12.3361 
1.51 0 18.2699 12.503 12.363 
1.52 0 18.3156 12.503 12.3914 
1.53 0 18.3614 12.503 12.421 
1.54 0 18.4073 12.503 12.4514 
1.55 0 18.4533 12.503 12.4824 
1.56 0 18.4994 12.5031 12.5137 
1.57 0 18.5457 12.5031 12.5448 
1.58 0 18.592 12.5031 12.5757 
1.59 0 18.6385 12.5031 12.6058 
1.6 0 18.6851 12.5031 12.635 
1.61 0 18.7318 12.5032 12.6628 
1.62 0 18.7786 12.5032 12.6892 
1.63 0 18.8256 12.5032 12.7137 
1.64 0 18.8727 12.5032 12.7362 
1.65 0 18.9198 12.5032 12.7564 
1.66 0 18.9671 12.5033 12.7741 
1.67 0 19.0146 12.5033 12.7891 
1.68 0 19.0621 12.5033 12.8013 
1.69 0 19.1097 12.5033 12.8106 
1.7 0 19.1575 12.5033 12.8169 
1.71 0 19.2054 12.5034 12.8201 
1.72 0 19.2534 12.5034 12.8202 
1.73 0 19.3016 12.5034 12.8171 
1.74 0 19.3498 12.5034 12.8109 
1.75 0 19.3982 12.5034 12.8018 
1.76 0 19.4467 12.5035 12.7896 
1.77 0 19.4953 12.5035 12.7747 
1.78 0 19.544 12.5035 12.7571 
1.79 0 19.5929 12.5035 12.737 
1.8 0 19.6419 12.5035 12.7146 
1.81 0 19.691 12.5036 12.6902 
1.82 0 19.7402 12.5036 12.6639 
1.83 0 19.7896 12.5036 12.6361 
1.84 0 19.839 12.5036 12.607 
1.85 0 19.8886 12.5036 12.5769 
1.86 0 19.9384 12.5037 12.5461 
1.87 0 19.9882 12.5037 12.5149 
1.88 0 20.0382 12.5037 12.4836 
1.89 0 20.0883 12.5037 12.4526 
1.9 0 20.1385 12.5037 12.4222 
1.91 0 20.1888 12.5038 12.3926 
1.92 0 20.2393 12.5038 12.3641 
1.93 0 20.2899 12.5038 12.3371 
1.94 0 20.3406 12.5038 12.3118 
1.95 0 20.3915 12.5038 12.2885 
1.96 0 20.4425 12.5038 12.2673 
1.97 0 20.4936 12.5039 12.2486 
1.98 0 20.5448 12.5039 12.2324 
1.99 0 20.5962 12.5039 12.219 
2 0 20.6477 12.5039 12.2085 
2.01 0 20.6993 12.5039 12.2009 
2.02 0 20.751 12.504 12.1965 
2.03 0 20.8029 12.504 12.1951 
2.04 0 20.8549 12.504 12.1969 
2.05 0 20.907 12.504 12.2018 
2.06 0 20.9593 12.504 12.2097 
2.07 0 21.0117 12.5041 12.2206 
2.08 0 21.0642 12.5041 12.2344 
2.09 0 21.1169 12.5041 12.251 
2.1 0 21.1697 12.5041 12.27 
2.11 0 21.2226 12.5041 12.2915 
2.12 0 21.2757 12.5042 12.3151 
2.13 0 21.3289 12.5042 12.3407 
2.14 0 21.3822 12.5042 12.3679 
2.15 0 21.4356 12.5042 12.3965 
2.16 0 21.4892 12.5042 12.4263 
2.17 0 21.5429 12.5043 12.4568 
2.18 0 21.5968 12.5043 12.4879 
2.19 0 21.6508 12.5043 12.5191 
2.2 0 21.7049 12.5043 12.5503 
2.21 0 21.7592 12.5043 12.581 
2.22 0 21.8136 12.5044 12.611 
2.23 0 21.8681 12.5044 12.6399 
2.24 0 21.9228 12.5044 12.6676 
2.25 0 21.9776 12.5044 12.6936 
2.26 0 22.0325 12.5044 12.7178 
2.27 0 22.0876 12.5045 12.7399 
2.28 0 22.1428 12.5045 12.7596 
2.29 0 22.1982 12.5045 12.7769 
2.3 0 22.2537 12.5045 12.7915 
2.31 0 22.3093 12.5045 12.8032 
2.32 0 22.3651 12.5046 12.812 
2.33 0 22.421 12.5046 12.8177 
2.34 0 22.4771 12.5046 12.8203 
2.35 0 22.5333 12.5046 12.8198 
2.36 0 22.5896 12.5046 12.8162 
2.37 0 22.6461 12.5046 12.8096 
2.38 0 22.7027 12.5047 12.7999 
2.39 0 22.7594 12.5047 12.7872 
2.4 0 22.8163 12.5047 12.7718 
2.41 0 22.8734 12.5047 12.7538 
2.42 0 22.9306 12.5047 12.7333 
2.43 0 22.9879 12.5048 12.7105 
2.44 0 23.0454 12.5048 12.6857 
2.45 0 23.103 12.5048 12.6591 
2.46 0 23.1607 12.5048 12.6311 
2.47 0 23.2186 12.5048 12.6018 
2.48 0 23.2767 12.5049 12.5715 
2.49 0 23.3349 12.5049 12.5406 
2.5 0 23.3932 12.5049 12.5094 
2.51 0 23.4517 12.5049 12.4782 
2.52 0 23.5103 12.5049 12.4473 
2.53 0 23.5691 12.505 12.4169 
2.54 0 23.628 12.505 12.3875 
2.55 0 23.6871 12.505 12.3593 
2.56 0 23.7463 12.505 12.3326 
2.57 0 23.8057 12.505 12.3076 
2.58 0 23.8652 12.5051 12.2846 
2.59 0 23.9248 12.5051 12.2639 
2.6 0 23.9847 12.5051 12.2455 
2.61 0 24.0446 12.5051 12.2299 
2.62 0 24.1047 12.5051 12.2169 
2.63 0 24.165 12.5052 12.2069 
2.64 0 24.2254 12.5052 12.1999 
2.65 0 24.286 12.5052 12.196 
2.66 0 24.3467 12.5052 12.1952 
2.67 0 24.4076 12.5052 12.1975 
2.68 0 24.4686 12.5053 12.203 
2.69 0 24.5297 12.5053 12.2114 
2.7 0 24.5911 12.5053 12.2228 
2.71 0 24.6525 12.5053 12.2371 
2.72 0 24.7142 12.5053 12.2541 
2.73 0 24.776 12.5054 12.2736 
2.74 0 24.8379 12.5054 12.2955 
2.75 0 24.9 12.5054 12.3195 
2.76 0 24.9622 12.5054 12.3453 
2.77 0 25.0247 12.5054 12.3728 
2.78 0 25.0872 12.5055 12.4016 
2.79 0 25.1499 12.5055 12.4315 
2.8 0 25.2128 12.5055 12.4622 
2.81 0 25.2758 12.5055 12.4933 
2.82 0 25.339 12.5055 12.5246 
2.83 0 25.4024 12.5055 12.5557 
2.84 0 25.4659 12.5056 12.5863 
2.85 0 25.5295 12.5056 12.6161 
2.86 0 25.5934 12.5056 12.6449 
2.87 0 25.6574 12.5056 12.6722 
2.88 0 25.7215 12.5056 12.698 
2.89 0 25.7858 12.5057 12.7218 
2.9 0 25.8503 12.5057 12.7435 
2.91 0 25.9149 12.5057 12.7628 
2.92 0 25.9797 12.5057 12.7796 
2.93 0 26.0446 12.5057 12.7937 
2.94 0 26.1097 12.5058 12.8049 
2.95 0 26.175 12.5058 12.8132 
2.96 0 26.2404 12.5058 12.8184 
2.97 0 26.306 12.5058 12.8205 
2.98 0 26.3718 12.5058 12.8194 
2.99 0 26.4377 12.5059 12.8153 
3 0 26.5038 12.5059 12.8081 
3.01 0 26.5701 12.5059 12.7979 
3.02 0 26.6365 12.5059 12.7847 
3.03 0 26.7031 12.5059 12.7689 
3.04 0 26.7699 12.506 12.7504 
3.05 0 26.8368 12.506 12.7294 
3.06 0 26.9039 12.506 12.7063 
3.07 0 26.9711 12.506 12.6812 
3.08 0 27.0386 12.506 12.6543 
3.09 0 27.1062 12.5061 12.626 
3.1 0 27.1739 12.5061 12.5965 
3.11 0 27.2419 12.5061 12.5662 
3.12 0 27.31 12.5061 12.5352 
3.13 0 27.3783 12.5061 12.504 
3.14 0 27.4467 12.5062 12.4728 
3.15 0 27.5153 12.5062 12.4419 
3.16 0 27.5841 12.5062 12.4117 
3.17 0 27.6531 12.5062 12.3825 
3.18 0 27.7222 12.5062 12.3545 
3.19 0 27.7915 12.5063 12.3281 
3.2 0 27.861 12.5063 12.3034 
3.21 0 27.9306 12.5063 12.2808 
3.22 0 28.0005 12.5063 12.2605 
3.23 0 28.0705 12.5063 12.2426 
3.24 0 28.1406 12.5063 12.2274 
3.25 0 28.211 12.5064 12.215 
3.26 0 28.2815 12.5064 12.2055 
3.27 0 28.3522 12.5064 12.199 
3.28 0 28.4231 12.5064 12.1957 
3.29 0 28.4942 12.5064 12.1954 
3.3 0 28.5654 12.5065 12.1983 
3.31 0 28.6368 12.5065 12.2042 
3.32 0 28.7084 12.5065 12.2132 
3.33 0 28.7802 12.5065 12.2251 
3.34 0 28.8521 12.5065 12.2399 
3.35 0 28.9243 12.5066 12.2573 
3.36 0 28.9966 12.5066 12.2773 
3.37 0 29.0691 12.5066 12.2995 
3.38 0 29.1417 12.5066 12.3239 
3.39 0 29.2146 12.5066 12.35 
3.4 0 29.2876 12.5067 12.3778 
3.41 0 29.3608 12.5067 12.4068 
3.42 0 29.4342 12.5067 12.4369 
3.43 0 29.5078 12.5067 12.4676 
3.44 0 29.5816 12.5067 12.4988 
3.45 0 29.6555 12.5068 12.53 
3.46 0 29.7297 12.5068 12.5611 
3.47 0 29.804 12.5068 12.5916 
3.48 0 29.8785 12.5068 12.6212 
3.49 0 29.9532 12.5068 12.6497 
3.5 0 30.0281 12.5069 12.6769 
3.51 0 30.1032 12.5069 12.7023 
3.52 0 30.1784 12.5069 12.7258 
3.53 0 30.2539 12.5069 12.7471 
3.54 0 30.3295 12.5069 12.766 
3.55 0 30.4053 12.507 12.7823 
3.56 0 30.4813 12.507 12.7959 
3.57 0 30.5575 12.507 12.8066 
3.58 0 30.6339 12.507 12.8143 
3.59 0 30.7105 12.507 12.819 
3.6 0 30.7873 12.5071 12.8205 
3.61 0 30.8643 12.5071 12.8189 
3.62 0 30.9414 12.5071 12.8143 
3.63 0 31.0188 12.5071 12.8065 
3.64 0 31.0963 12.5071 12.7958 
3.65 0 31.1741 12.5072 12.7822 
3.66 0 31.252 12.5072 12.7658 
3.67 0 31.3301 12.5072 12.7469 
3.68 0 31.4085 12.5072 12.7256 
3.69 0 31.487 12.5072 12.7021 
3.7 0 31.5657 12.5072 12.6766 
3.71 0 31.6446 12.5073 12.6495 
3.72 0 31.7237 12.5073 12.621 
3.73 0 31.803 12.5073 12.5913 
3.74 0 31.8825 12.5073 12.5608 
3.75 0 31.9623 12.5073 12.5297 
3.76 0 32.0422 12.5074 12.4985 
3.77 0 32.1223 12.5074 12.4673 
3.78 0 32.2026 12.5074 12.4366 
3.79 0 32.2831 12.5074 12.4065 
3.8 0 32.3638 12.5074 12.3775 
3.81 0 32.4447 12.5075 12.3498 
3.82 0 32.5258 12.5075 12.3236 
3.83 0 32.6071 12.5075 12.2993 
3.84 0 32.6886 12.5075 12.2771 
3.85 0 32.7704 12.5075 12.2572 
3.86 0 32.8523 12.5076 12.2398 
3.87 0 32.9344 12.5076 12.225 
3.88 0 33.0168 12.5076 12.2131 
3.89 0 33.0993 12.5076 12.2041 
3.9 0 33.182 12.5076 12.1982 
3.91 0 33.265 12.5077 12.1954 
3.92 0 33.3482 12.5077 12.1957 
3.93 0 33.4315 12.5077 12.1991 
3.94 0 33.5151 12.5077 12.2056 
3.95 0 33.5989 12.5077 12.2151 
3.96 0 33.6829 12.5078 12.2275 
3.97 0 33.7671 12.5078 12.2428 
3.98 0 33.8515 12.5078 12.2606 
3.99 0 33.9361 12.5078 12.281 
4 0 34.021 12.5078 12.3036 
4.01 0 34.106 12.5079 12.3283 
4.02 0 34.1913 12.5079 12.3548 
4.03 0 34.2768 12.5079 12.3827 
4.04 0 34.3625 12.5079 12.412 
4.05 0 34.4484 12.5079 12.4422 
4.06 0 34.5345 12.508 12.473 
4.07 0 34.6208 12.508 12.5042 
4.08 0 34.7074 12.508 12.5355 
4.09 0 34.7942 12.508 12.5664 
4.1 0 34.8811 12.508 12.5968 
4.11 0 34.9683 12.508 12.6263 
4.12 0 35.0558 12.5081 12.6546 
4.13 0 35.1434 12.5081 12.6814 
4.14 0 35.2313 12.5081 12.7065 
4.15 0 35.3193 12.5081 12.7296 
4.16 0 35.4076 12.5081 12.7505 
4.17 0 35.4962 12.5082 12.769 
4.18 0 35.5849 12.5082 12.7849 
4.19 0 35.6739 12.5082 12.798 
4.2 0 35.763 12.5082 12.8082 
4.21 0 35.8525 12.5082 12.8153 
4.22 0 35.9421 12.5083 12.8195 
4.23 0 36.0319 12.5083 12.8205 
4.24 0 36.122 12.5083 12.8183 
4.25 0 36.2123 12.5083 12.8131 
4.26 0 36.3029 12.5083 12.8048 
4.27 0 36.3936 12.5084 12.7936 
4.28 0 36.4846 12.5084 12.7795 
4.29 0 36.5758 12.5084 12.7627 
4.3 0 36.6673 12.5084 12.7433 
4.31 0 36.7589 12.5084 12.7216 
4.32 0 36.8508 12.5085 12.6977 
4.33 0 36.9429 12.5085 12.672 
4.34 0 37.0353 12.5085 12.6446 
4.35 0 37.1279 12.5085 12.6158 
4.36 0 37.2207 12.5085 12.586 
4.37001 0 37.3138 12.5086 12.5554 
4.38001 0 37.407 12.5086 12.5243 
4.39001 0 37.5006 12.5086 12.493 
4.40001 0 37.5943 12.5086 12.4619 
4.41001 0 37.6883 12.5086 12.4313 
4.42001 0 37.7825 12.5087 12.4014 
4.43001 0 37.877 12.5087 12.3726 
4.44001 0 37.9717 12.5087 12.3451 
4.45001 0 38.0666 12.5087 12.3192 
4.46001 0 38.1618 12.5087 12.2953 
4.47001 0 38.2572 12.5088 12.2734 
4.48001 0 38.3528 12.5088 12.2539 
4.49001 0 38.4487 12.5088 12.237 
4.50001 0 38.5448 12.5088 12.2227 
4.51001 0 38.6412 12.5088 12.2113 
4.52001 0 38.7378 12.5089 12.2029 
4.53001 0 38.8346 12.5089 12.1975 
4.54001 0 38.9317 12.5089 12.1952 
4.55001 0 39.029 12.5089 12.196 
4.56001 0 39.1266 12.5089 12.2 
4.57001 0 39.2244 12.5089 12.207 
4.58001 0 39.3225 12.509 12.217 
4.59001 0 39.4208 12.509 12.23 
4.60001 0 39.5193 12.509 12.2457 
4.61001 0 39.6181 12.509 12.264 
4.62001 0 39.7172 12.509 12.2848 
4.63001 0 39.8165 12.5091 12.3078 
4.64001 0 39.916 12.5091 12.3328 
4.65001 0 40.0158 12.5091 12.3595 
4.66001 0 40.1159 12.5091 12.3878 
4.67001 0 40.2161 12.5091 12.4172 
4.68001 0 40.3167 12.5092 12.4475 
4.69001 0 40.4175 12.5092 12.4785 
4.70001 0 40.5185 12.5092 12.5097 
4.71001 0 40.6198 12.5092 12.5409 
4.72001 0 40.7214 12.5092 12.5718 
4.73001 0 40.8232 12.5093 12.602 
4.74001 0 40.9252 12.5093 12.6313 
4.75001 0 41.0275 12.5093 12.6594 
4.76001 0 41.1301 12.5093 12.6859 
4.77001 0 41.2329 12.5093 12.7107 
4.78001 0 41.336 12.5094 12.7335 
4.79001 0 41.4394 12.5094 12.7539 
4.80001 0 41.543 12.5094 12.772 
4.81002 0 41.6468 12.5094 12.7874 
4.82002 0 41.7509 12.5094 12.8 
4.83002 0 41.8553 12.5095 12.8096 
4.84002 0 41.9599 12.5095 12.8163 
4.85002 0 42.0648 12.5095 12.8199 
4.86002 0 42.17 12.5095 12.8203 
4.87002 0 42.2754 12.5095 12.8177 
4.88002 0 42.3811 12.5096 12.8119 
4.89002 0 42.4871 12.5096 12.8031 
4.90002 0 42.5933 12.5096 12.7913 
4.91002 0 42.6998 12.5096 12.7767 
4.92002 0 42.8065 12.5096 12.7595 
4.93002 0 42.9135 12.5097 12.7397 
4.94002 0 43.0208 12.5097 12.7176 
4.95002 0 43.1284 12.5097 12.6934 
4.96002 0 43.2362 12.5097 12.6673 
4.97002 0 43.3443 12.5097 12.6397 
4.98002 0 43.4527 12.5097 12.6107 
4.99002 0 43.5613 12.5098 12.5807 
