1E-06 0.228046
0.00250098 0.0039888
0.00500095 0.00813844
0.00750093 0.0124792
0.0100009 0.0168158
0.0125009 0.0213236
0.0150008 0.0258957
0.0175008 0.0305539
0.0200008 0.0353549
0.0225008 0.0402824
0.0250008 0.0452532
0.0275007 0.0503731
0.0300007 0.0556213
0.0325007 0.0609201
0.0350007 0.0663814
0.0375006 0.0719817
0.0400006 0.0775447
0.0425006 0.0834199
0.0450006 0.0893529
0.0475005 0.0953335
0.0500005 0.101322
0.0525005 0.10772
0.0550005 0.113921
0.0575004 0.120482
0.0600004 0.12708
0.0625004 0.132959
0.0650004 0.140523
0.0675003 0.147455
0.0700003 0.154658
0.0725003 0.161656
0.0750003 0.168874
0.0775002 0.176548
0.0800002 0.183916
0.0825002 0.191408
0.0850002 0.199292
0.0875001 0.206981
0.0900001 0.215658
0.0925001 0.223319
0.0950001 0.231515
0.0975 0.239934
