0 0 
0.01 -0.00125026 
0.02 -0.00249792 
0.03 -0.00373984 
0.04 -0.00497294 
0.05 -0.00619411 
0.06 -0.0074003 
0.07 -0.00858849 
0.08 -0.0097557 
0.09 -0.010899 
0.1 -0.0120155 
0.11 -0.0131025 
0.12 -0.0141571 
0.13 -0.0151767 
0.14 -0.0161589 
0.15 -0.017101 
0.16 -0.0180007 
0.17 -0.0188558 
0.18 -0.0196641 
0.19 -0.0204236 
0.2 -0.0211323 
0.21 -0.0217885 
0.22 -0.0223904 
0.23 -0.0229366 
0.24 -0.0234257 
0.25 -0.0238564 
0.26 -0.0242277 
0.27 -0.0245385 
0.28 -0.0247882 
0.29 -0.0249759 
0.3 -0.0251013 
0.31 -0.0251639 
0.32 -0.0251637 
0.33 -0.0251005 
0.34 -0.0249746 
0.35 -0.0247861 
0.36 -0.0245356 
0.37 -0.0242236 
0.38 -0.0238509 
0.39 -0.0234185 
0.4 -0.0229272 
0.41 -0.0223785 
0.42 -0.0217735 
0.43 -0.0211139 
0.44 -0.0204012 
0.45 -0.0196371 
0.46 -0.0188237 
0.47 -0.0179628 
0.48 -0.0170567 
0.49 -0.0161075 
0.5 -0.0151177 
0.51 -0.0140896 
0.52 -0.0130259 
0.53 -0.0119292 
0.54 -0.0108021 
0.55 -0.00964764 
0.56 -0.00846853 
0.57 -0.00726776 
0.58 -0.00604832 
0.59 -0.00481325 
0.6 -0.00356562 
0.61 -0.00230856 
0.62 -0.00104521 
0.63 0.000221281 
0.64 0.00148774 
0.65 0.00275101 
0.66 0.00400793 
0.67 0.00525534 
0.68 0.00649013 
0.69 0.0077092 
0.7 0.0089095 
0.71 0.010088 
0.72 0.0112418 
0.73 0.0123679 
0.74 0.0134636 
0.75 0.0145261 
0.76 0.0155527 
0.77 0.0165408 
0.78 0.017488 
0.79 0.0183918 
0.8 0.01925 
0.81 0.0200605 
0.82 0.0208211 
0.83 0.0215299 
0.839999 0.0221852 
0.849999 0.0227853 
0.859999 0.0233287 
0.869999 0.023814 
0.879999 0.0242399 
0.889999 0.0246054 
0.899999 0.0249095 
0.909999 0.0251514 
0.919999 0.0253306 
0.929999 0.0254464 
0.939999 0.0254987 
0.949999 0.0254873 
0.959999 0.0254121 
0.969999 0.0252733 
0.979999 0.0250713 
0.989999 0.0248065 
0.999999 0.0244796 
1.01 0.024091 
1.02 0.0236423 
1.03 0.0231344 
1.04 0.0225683 
1.05 0.0219456 
1.06 0.0212678 
1.07 0.0205365 
1.08 0.0197535 
1.09 0.0189208 
1.1 0.0180405 
1.11 0.0171147 
1.12 0.0161457 
1.13 0.015136 
1.14 0.014088 
1.15 0.0130043 
1.16 0.0118877 
1.17 0.0107408 
1.18 0.00956668 
1.19 0.00836813 
1.2 0.00714815 
1.21 0.00590981 
1.22 0.00465617 
1.23 0.00339038 
1.24 0.0021156 
1.25 0.000834996 
1.26 -0.000448216 
1.27 -0.00173083 
1.28 -0.00300965 
1.29 -0.00428146 
1.3 -0.00554309 
1.31 -0.00679137 
1.32 -0.00802318 
1.33 -0.00923544 
1.34 -0.0104251 
1.35 -0.0115892 
1.36 -0.0127247 
1.37 -0.0138289 
1.38 -0.014899 
1.39 -0.0159323 
1.4 -0.0169261 
1.41 -0.0178781 
1.42 -0.0187857 
1.43 -0.0196467 
1.44 -0.0204589 
1.45 -0.0212203 
1.46 -0.021929 
1.47 -0.0225831 
1.48 -0.023181 
1.49 -0.0237212 
1.5 -0.0242023 
1.51 -0.024623 
1.52 -0.0249824 
1.53 -0.0252794 
1.54 -0.0255134 
1.55 -0.0256836 
1.56 -0.0257897 
1.57 -0.0258313 
1.58 -0.0258084 
1.59 -0.0257209 
1.6 -0.0255691 
1.61 -0.0253532 
1.62 -0.0250739 
1.63 -0.0247318 
1.64 -0.0243277 
1.65 -0.0238626 
1.66 -0.0233376 
1.67 -0.0227541 
1.68 -0.0221134 
1.69 -0.0214171 
1.7 -0.0206671 
1.71 -0.019865 
1.72 -0.019013 
1.73 -0.018113 
1.74 -0.0171674 
1.75 -0.0161785 
1.76 -0.0151487 
1.77 -0.0140807 
1.78 -0.012977 
1.79 -0.0118404 
1.8 -0.0106737 
1.81 -0.00947984 
1.82 -0.00826181 
1.83 -0.00702263 
1.84 -0.00576539 
1.85 -0.00449322 
1.86 -0.0032093 
1.87 -0.00191684 
1.88 -0.000619057 
1.89 0.000680796 
1.9 0.00197947 
1.91 0.00327373 
1.92 0.00456031 
1.93 0.00583602 
1.94 0.00709765 
1.95 0.00834204 
1.96 0.00956607 
1.97 0.0107667 
1.98 0.0119408 
1.99 0.0130856 
2 0.0141982 
2.01 0.0152753 
2.02 0.016315 
2.03 0.0173143 
2.04 0.0182707 
2.05 0.0191818 
2.06 0.0200453 
2.07 0.020859 
2.08 0.021621 
2.09 0.0223291 
2.1 0.0229817 
2.11 0.0235771 
2.12 0.0241138 
2.13 0.0245904 
2.14 0.0250057 
2.15 0.0253586 
2.16 0.0256483 
2.17 0.0258739 
2.18 0.026035 
2.19 0.026131 
2.2 0.0261617 
2.21 0.026127 
2.22 0.0260269 
2.23 0.0258617 
2.24 0.0256318 
2.25 0.0253377 
2.26 0.0249802 
2.27 0.02456 
2.28 0.0240782 
2.29 0.0235361 
2.3 0.0229348 
2.31 0.022276 
2.32 0.0215612 
2.33 0.0207922 
2.34 0.0199709 
2.35 0.0190994 
2.36 0.0181797 
2.37 0.0172142 
2.38 0.0162053 
2.39 0.0151554 
2.4 0.0140672 
2.41 0.0129434 
2.42 0.0117868 
2.43 0.0106003 
2.44 0.00938678 
2.45 0.00814931 
2.46 0.00689096 
2.47 0.00561487 
2.48 0.00432424 
2.49 0.00302227 
2.5 0.00171223 
2.51 0.000397386 
2.52 -0.000918979 
2.53 -0.00223357 
2.54 -0.00354311 
2.55 -0.0048443 
2.56 -0.0061339 
2.57 -0.00740868 
2.58 -0.00866544 
2.59 -0.00990104 
2.6 -0.0111124 
2.61 -0.0122964 
2.62 -0.0134501 
2.63 -0.0145707 
2.64 -0.0156553 
2.65 -0.0167012 
2.66 -0.0177057 
2.67 -0.0186664 
2.68 -0.0195807 
2.69 -0.0204465 
2.7 -0.0212615 
2.71 -0.0220236 
2.72 -0.022731 
2.73 -0.0233818 
2.74 -0.0239744 
2.75 -0.0245073 
2.76 -0.0249791 
2.77 -0.0253886 
2.78 -0.0257349 
2.79 -0.0260169 
2.8 -0.0262339 
2.81 -0.0263855 
2.82 -0.0264711 
2.83 -0.0264906 
2.84 -0.0264438 
2.85 -0.0263309 
2.86 -0.0261522 
2.87 -0.0259079 
2.88 -0.0255988 
2.89 -0.0252255 
2.9 -0.024789 
2.91 -0.0242904 
2.92 -0.0237308 
2.93 -0.0231116 
2.94 -0.0224344 
2.95 -0.0217009 
2.96 -0.0209128 
2.97 -0.0200721 
2.98 -0.0191808 
2.99 -0.0182413 
3 -0.0172558 
3.01 -0.0162267 
3.02 -0.0151566 
3.03 -0.0140482 
3.04 -0.0129043 
3.05 -0.0117276 
3.06 -0.0105212 
3.07 -0.00928792 
3.08 -0.00803097 
3.09 -0.00675344 
3.1 -0.00545851 
3.11 -0.00414943 
3.12 -0.00282945 
3.13 -0.00150188 
3.14 -0.000170022 
3.15 0.00116278 
3.16 0.0024932 
3.17 0.00381792 
3.18 0.0051336 
3.19 0.00643697 
3.2 0.00772476 
3.21 0.00899374 
3.22 0.0102407 
3.23 0.0114626 
3.24 0.0126563 
3.25 0.0138188 
3.26 0.0149472 
3.27 0.0160387 
3.28 0.0170905 
3.29 0.0181 
3.3 0.0190646 
3.31 0.019982 
3.32 0.0208497 
3.33 0.0216656 
3.34 0.0224277 
3.35 0.023134 
3.36 0.0237827 
3.37 0.0243722 
3.38 0.024901 
3.39 0.0253678 
3.4 0.0257713 
3.41 0.0261105 
3.42 0.0263845 
3.43 0.0265927 
3.44 0.0267345 
3.45 0.0268095 
3.46 0.0268174 
3.47 0.0267583 
3.48 0.0266323 
3.49 0.0264397 
3.5 0.0261808 
3.51 0.0258564 
3.52 0.0254672 
3.53 0.0250141 
3.54 0.0244984 
3.55 0.0239212 
3.56 0.0232839 
3.57 0.0225881 
3.58 0.0218357 
3.59 0.0210283 
3.6 0.020168 
3.61 0.0192569 
3.62 0.0182974 
3.63 0.0172917 
3.64 0.0162424 
3.65 0.015152 
3.66 0.0140234 
3.67 0.0128592 
3.68 0.0116624 
3.69 0.010436 
3.7 0.00918304 
3.71 0.00790661 
3.72 0.00660991 
3.73 0.00529618 
3.74 0.00396869 
3.75 0.00263077 
3.76 0.00128574 
3.77 -6.30309e-05 
3.78 -0.00141217 
3.79 -0.0027583 
3.8 -0.00409805 
3.81 -0.00542809 
3.82 -0.00674506 
3.83 -0.00804569 
3.84 -0.0093267 
3.85 -0.0105849 
3.86 -0.0118171 
3.87 -0.0130202 
3.88 -0.0141913 
3.89 -0.0153273 
3.9 -0.0164254 
3.91 -0.0174829 
3.92 -0.0184971 
3.93 -0.0194654 
3.94 -0.0203855 
3.95 -0.0212549 
3.96 -0.0220715 
3.97 -0.0228332 
3.98 -0.0235381 
3.99 -0.0241845 
4 -0.0247706 
4.01 -0.0252939 
4.02 -0.0257541 
4.03 -0.0261501 
4.04 -0.0264808 
4.05 -0.0267453 
4.06 -0.0269431 
4.07 -0.0270736 
4.08 -0.0271364 
4.09 -0.0271314 
4.1 -0.0270585 
4.11 -0.026918 
4.12 -0.0267101 
4.13 -0.0264354 
4.14 -0.0260945 
4.15 -0.0256882 
4.16 -0.0252176 
4.17 -0.0246838 
4.18 -0.0240881 
4.19 -0.023432 
4.2 -0.0227171 
4.21 -0.0219452 
4.22 -0.0211182 
4.23 -0.0202382 
4.24 -0.0193073 
4.25 -0.0183278 
4.26 -0.0173022 
4.27 -0.016233 
4.28 -0.015123 
4.29 -0.0139748 
4.3 -0.0127913 
4.31 -0.0115754 
4.32 -0.0103303 
4.33 -0.00905896 
4.34 -0.00776459 
4.35 -0.00645042 
4.36 -0.00511973 
4.37001 -0.00377584 
4.38001 -0.00242211 
4.39001 -0.00106192 
4.40001 0.000301334 
4.41001 0.00166424 
4.42001 0.00302339 
4.43001 0.00437539 
4.44001 0.00571684 
4.45001 0.00704441 
4.46001 0.00835475 
4.47001 0.0096446 
4.48001 0.0109107 
4.49001 0.0121499 
4.50001 0.0133591 
4.51001 0.0145353 
4.52001 0.0156754 
4.53001 0.0167768 
4.54001 0.0178364 
4.55001 0.0188519 
4.56001 0.0198204 
4.57001 0.0207397 
4.58001 0.0216074 
4.59001 0.0224214 
4.60001 0.0231795 
4.61001 0.0238799 
4.62001 0.0245208 
4.63001 0.0251006 
4.64001 0.0256178 
4.65001 0.026071 
4.66001 0.0264593 
4.67001 0.0267815 
4.68001 0.0270368 
4.69001 0.0272246 
4.70001 0.0273444 
4.71001 0.0273958 
4.72001 0.0273788 
4.73001 0.0272933 
4.74001 0.0271395 
4.75001 0.0269178 
4.76001 0.0266288 
4.77001 0.026273 
4.78001 0.0258515 
4.79001 0.0253652 
4.80001 0.0248154 
4.81002 0.0242033 
4.82002 0.0235306 
4.83002 0.0227988 
4.84002 0.0220098 
4.85002 0.0211655 
4.86002 0.0202681 
4.87002 0.0193197 
4.88002 0.0183227 
4.89002 0.0172796 
4.90002 0.016193 
4.91002 0.0150656 
4.92002 0.0139002 
4.93002 0.0126996 
4.94002 0.011467 
4.95002 0.0102053 
4.96002 0.00891779 
4.97002 0.00760755 
4.98002 0.00627791 
4.99002 0.00493218 
