0 1 1 0.99875 0.9975 
0.01 0.99875 0.9975 0.995002 0.992506 
0.02 0.995004 0.9925 0.988764 0.985031 
0.03 0.988771 0.985006 0.980053 0.975094 
0.04 0.980067 0.975031 0.96889 0.962718 
0.05 0.968912 0.962594 0.955304 0.947936 
0.06 0.955336 0.947719 0.939328 0.930784 
0.07 0.939373 0.930437 0.921002 0.911305 
0.08 0.921061 0.910786 0.900372 0.889548 
0.09 0.900447 0.888809 0.87749 0.865567 
0.1 0.877583 0.864555 0.852412 0.839422 
0.11 0.852525 0.838079 0.825202 0.811179 
0.12 0.825336 0.809442 0.795928 0.780907 
0.13 0.796084 0.778709 0.764663 0.748683 
0.14 0.764842 0.745953 0.731485 0.714588 
0.15 0.731689 0.71125 0.696476 0.678706 
0.16 0.696707 0.674683 0.659726 0.641127 
0.17 0.659983 0.636337 0.621325 0.601946 
0.18 0.62161 0.596304 0.58137 0.561259 
0.19 0.581683 0.554681 0.53996 0.51917 
0.2 0.540302 0.511566 0.4972 0.475782 
0.21 0.497571 0.467065 0.453196 0.431206 
0.22 0.453596 0.421285 0.408058 0.385551 
0.23 0.408487 0.374338 0.361899 0.338932 
0.24 0.362358 0.326337 0.314835 0.291466 
0.25 0.315322 0.277401 0.266983 0.243271 
0.26 0.267499 0.227648 0.218463 0.194468 
0.27 0.219006 0.177202 0.169396 0.145179 
0.28 0.169967 0.126187 0.119906 0.0955267 
0.29 0.120503 0.0747292 0.0701159 0.0456359 
0.3 0.0707371 0.0229557 0.0201501 -0.00436913 
0.31 0.0207948 -0.0290046 -0.0298661 -0.0543632 
0.32 -0.0291995 -0.0810224 -0.0798078 -0.104221 
0.33 -0.0791208 -0.132968 -0.12955 -0.153819 
0.34 -0.128844 -0.18471 -0.178968 -0.203032 
0.35 -0.178246 -0.23612 -0.227938 -0.251737 
0.36 -0.227202 -0.287069 -0.276339 -0.299814 
0.37 -0.27559 -0.337427 -0.324048 -0.34714 
0.38 -0.323289 -0.387068 -0.370946 -0.393599 
0.39 -0.37018 -0.435865 -0.416917 -0.439074 
0.4 -0.416146 -0.483694 -0.461845 -0.483451 
0.41 -0.461072 -0.530433 -0.505617 -0.526619 
0.42 -0.504846 -0.575964 -0.548125 -0.568471 
0.43 -0.547357 -0.620168 -0.589262 -0.608902 
0.44 -0.588501 -0.662932 -0.628924 -0.64781 
0.45 -0.628173 -0.704146 -0.667014 -0.685099 
0.46 -0.666275 -0.743703 -0.703435 -0.720675 
0.47 -0.702713 -0.781499 -0.738096 -0.75445 
0.48 -0.737393 -0.817436 -0.770911 -0.786338 
0.49 -0.770231 -0.851419 -0.801797 -0.816261 
0.5 -0.801143 -0.883359 -0.830678 -0.844143 
0.51 -0.830053 -0.91317 -0.857481 -0.869914 
0.52 -0.856888 -0.940773 -0.882139 -0.893511 
0.53 -0.881582 -0.966093 -0.90459 -0.914874 
0.54 -0.904072 -0.989061 -0.924778 -0.93395 
0.55 -0.924302 -1.00961 -0.942653 -0.95069 
0.56 -0.942222 -1.02769 -0.95817 -0.965055 
0.57 -0.957787 -1.04325 -0.97129 -0.977006 
0.58 -0.970958 -1.05624 -0.981981 -0.986515 
0.59 -0.981702 -1.06661 -0.990214 -0.993558 
0.6 -0.989992 -1.07435 -0.995971 -0.998117 
0.61 -0.995808 -1.07942 -0.999236 -1.00018 
0.62 -0.999135 -1.08181 -1 -0.999743 
0.63 -0.999965 -1.0815 -0.998266 -0.996807 
0.64 -0.998295 -1.07848 -0.994033 -0.991379 
0.65 -0.99413 -1.07276 -0.987313 -0.983472 
0.66 -0.98748 -1.06434 -0.978123 -0.973107 
0.67 -0.978362 -1.05324 -0.966487 -0.960309 
0.68 -0.966799 -1.03948 -0.952433 -0.94511 
0.69 -0.952819 -1.02309 -0.935996 -0.927548 
0.7 -0.936457 -1.0041 -0.917217 -0.907667 
0.71 -0.917755 -0.982546 -0.896145 -0.885517 
0.72 -0.896759 -0.958486 -0.87283 -0.861154 
0.73 -0.873522 -0.931969 -0.847332 -0.834637 
0.74 -0.848101 -0.903057 -0.819714 -0.806034 
0.75 -0.820561 -0.871814 -0.790046 -0.775416 
0.76 -0.790969 -0.838314 -0.758401 -0.74286 
0.77 -0.7594 -0.802635 -0.724859 -0.708446 
0.78 -0.725934 -0.764859 -0.689503 -0.672261 
0.79 -0.690653 -0.725077 -0.652423 -0.634395 
0.8 -0.653645 -0.683383 -0.613711 -0.594944 
0.81 -0.615004 -0.639876 -0.573463 -0.554005 
0.82 -0.574826 -0.594661 -0.531781 -0.511681 
0.83 -0.533211 -0.547846 -0.488768 -0.468078 
0.839999 -0.490263 -0.499544 -0.444533 -0.423304 
0.849999 -0.44609 -0.449873 -0.399185 -0.377473 
0.859999 -0.400802 -0.398953 -0.352839 -0.330698 
0.869999 -0.354512 -0.346908 -0.30561 -0.283096 
0.879999 -0.307335 -0.293866 -0.257617 -0.234786 
0.889999 -0.259391 -0.239956 -0.208979 -0.185889 
0.899999 -0.210799 -0.185312 -0.159818 -0.136528 
0.909999 -0.161679 -0.130068 -0.110257 -0.0868249 
0.919999 -0.112155 -0.074361 -0.0604205 -0.036905 
0.929999 -0.0623515 -0.0183286 -0.0104327 0.0131071 
0.939999 -0.0123917 0.0378898 0.0395813 0.0630864 
0.949999 0.0375991 0.094154 0.0894964 0.112908 
0.959999 0.0874959 0.150323 0.139188 0.162447 
0.969999 0.137174 0.206258 0.188531 0.211581 
0.979999 0.186509 0.261816 0.237402 0.260185 
0.989999 0.235378 0.316858 0.28568 0.308139 
0.999999 0.283659 0.371247 0.333243 0.355322 
1.01 0.331231 0.424842 0.379973 0.401617 
1.02 0.377975 0.47751 0.425752 0.446908 
1.03 0.423774 0.529116 0.470467 0.491082 
1.04 0.468514 0.579528 0.514004 0.534028 
1.05 0.512083 0.628617 0.556256 0.575639 
1.06 0.554372 0.676257 0.597116 0.615811 
1.07 0.595275 0.722326 0.636482 0.654444 
1.08 0.63469 0.766704 0.674257 0.69144 
1.09 0.672519 0.809277 0.710345 0.726708 
1.1 0.708667 0.849932 0.744655 0.760159 
1.11 0.743044 0.888565 0.777104 0.791709 
1.12 0.775564 0.925072 0.807608 0.821281 
1.13 0.806145 0.959358 0.836092 0.848799 
1.14 0.834711 0.991332 0.862484 0.874195 
1.15 0.861191 1.02091 0.886719 0.897405 
1.16 0.885518 1.048 0.908736 0.918373 
1.17 0.907632 1.07255 0.92848 0.937044 
1.18 0.927477 1.09447 0.945901 0.953372 
1.19 0.945004 1.11372 0.960955 0.967317 
1.2 0.960169 1.13022 0.973606 0.978844 
1.21 0.972934 1.14395 0.983822 0.987924 
1.22 0.983268 1.15484 0.991576 0.994534 
1.23 0.991143 1.16288 0.99685 0.998657 
1.24 0.996542 1.16803 0.99963 1.00028 
1.25 0.999449 1.17027 0.99991 0.99941 
1.26 0.999859 1.1696 0.997688 0.996038 
1.27 0.997769 1.16599 0.99297 0.990176 
1.28 0.993185 1.15947 0.985769 0.981838 
1.29 0.986119 1.15002 0.976101 0.971045 
1.3 0.976589 1.13768 0.963992 0.957825 
1.31 0.964617 1.12247 0.949471 0.942211 
1.32 0.950234 1.10441 0.932575 0.924241 
1.33 0.933476 1.08354 0.913346 0.90396 
1.34 0.914385 1.05991 0.891832 0.881419 
1.35 0.893008 1.03358 0.868087 0.856675 
1.36 0.8694 1.00459 0.842171 0.829789 
1.37 0.843618 0.973024 0.814148 0.800829 
1.38 0.815728 0.938943 0.784088 0.769866 
1.39 0.785799 0.902429 0.752067 0.736979 
1.4 0.753905 0.863568 0.718164 0.70225 
1.41 0.720128 0.822451 0.682464 0.665765 
1.42 0.68455 0.779175 0.645058 0.627615 
1.43 0.647262 0.733843 0.606038 0.587896 
1.44 0.608355 0.686563 0.565501 0.546708 
1.45 0.567928 0.637449 0.52355 0.504153 
1.46 0.526082 0.586618 0.480289 0.460337 
1.47 0.482921 0.534193 0.435827 0.415371 
1.48 0.438552 0.480302 0.390274 0.369366 
1.49 0.393087 0.425075 0.343745 0.322438 
1.5 0.34664 0.368648 0.296356 0.274704 
1.51 0.299327 0.311158 0.248225 0.226283 
1.52 0.251265 0.252746 0.199474 0.177296 
1.53 0.202575 0.193556 0.150223 0.127866 
1.54 0.153379 0.133735 0.100597 0.0781163 
1.55 0.1038 0.0734295 0.0507185 0.0281714 
1.56 0.0539611 0.0127898 0.000713343 -0.021844 
1.57 0.00398732 -0.0480335 -0.0492937 -0.0718048 
1.58 -0.0459964 -0.108889 -0.0991774 -0.121586 
1.59 -0.0958651 -0.169624 -0.148813 -0.171063 
1.6 -0.145494 -0.230087 -0.198077 -0.220113 
1.61 -0.19476 -0.290126 -0.246845 -0.268612 
1.62 -0.243538 -0.34959 -0.294996 -0.31644 
1.63 -0.291708 -0.408328 -0.342408 -0.363477 
1.64 -0.339149 -0.466192 -0.388965 -0.409605 
1.65 -0.385742 -0.523036 -0.434548 -0.454709 
1.66 -0.431371 -0.578714 -0.479045 -0.498676 
1.67 -0.475922 -0.633084 -0.522343 -0.541397 
1.68 -0.519283 -0.686008 -0.564334 -0.582764 
1.69 -0.561347 -0.737349 -0.604914 -0.622674 
1.7 -0.602007 -0.786975 -0.643981 -0.661027 
1.71 -0.641162 -0.834758 -0.681437 -0.697728 
1.72 -0.678715 -0.880573 -0.717188 -0.732685 
1.73 -0.714572 -0.924301 -0.751145 -0.76581 
1.74 -0.748642 -0.965828 -0.783224 -0.79702 
1.75 -0.780842 -1.00504 -0.813342 -0.826238 
1.76 -0.811089 -1.04185 -0.841427 -0.85339 
1.77 -0.839309 -1.07613 -0.867406 -0.878409 
1.78 -0.865432 -1.10782 -0.891216 -0.901232 
1.79 -0.889391 -1.13681 -0.912796 -0.921801 
1.8 -0.911127 -1.16304 -0.932093 -0.940066 
1.81 -0.930586 -1.18642 -0.949059 -0.955981 
1.82 -0.947719 -1.20689 -0.96365 -0.969506 
1.83 -0.962484 -1.2244 -0.975831 -0.980607 
1.84 -0.974842 -1.23889 -0.98557 -0.989257 
1.85 -0.984764 -1.25033 -0.992844 -0.995434 
1.86 -0.992224 -1.25866 -0.997634 -0.999122 
1.87 -0.997205 -1.26387 -0.999929 -1.00031 
1.88 -0.999693 -1.26593 -0.999723 -0.999001 
1.89 -0.999682 -1.26483 -0.997015 -0.995193 
1.9 -0.997173 -1.26056 -0.991813 -0.988897 
1.91 -0.992171 -1.25314 -0.984131 -0.980129 
1.92 -0.984689 -1.24256 -0.973986 -0.96891 
1.93 -0.974746 -1.22885 -0.961405 -0.955269 
1.94 -0.962367 -1.21203 -0.946419 -0.93924 
1.95 -0.947582 -1.19215 -0.929065 -0.920863 
1.96 -0.930429 -1.16923 -0.909388 -0.900184 
1.97 -0.91095 -1.14333 -0.887435 -0.877254 
1.98 -0.889195 -1.11451 -0.863262 -0.852131 
1.99 -0.865216 -1.08283 -0.83693 -0.824878 
2 -0.839076 -1.04836 -0.808504 -0.795562 
2.01 -0.810837 -1.01119 -0.778056 -0.764258 
2.02 -0.780573 -0.971391 -0.745661 -0.731043 
2.03 -0.748357 -0.929069 -0.7114 -0.696 
2.04 -0.714271 -0.884318 -0.67536 -0.659217 
2.05 -0.678399 -0.837244 -0.637631 -0.620787 
2.06 -0.640832 -0.787959 -0.598306 -0.580804 
2.07 -0.601663 -0.736582 -0.557485 -0.53937 
2.08 -0.56099 -0.683234 -0.515269 -0.496586 
2.09 -0.518916 -0.628045 -0.471764 -0.452562 
2.1 -0.475544 -0.571148 -0.427079 -0.407406 
2.11 -0.430983 -0.512681 -0.381325 -0.361232 
2.12 -0.385345 -0.452786 -0.334617 -0.314154 
2.13 -0.338744 -0.391609 -0.287073 -0.266291 
2.14 -0.291297 -0.329301 -0.23881 -0.217762 
2.15 -0.243121 -0.266013 -0.189949 -0.168689 
2.16 -0.194338 -0.201902 -0.140613 -0.119195 
2.17 -0.145069 -0.137126 -0.0909258 -0.0694019 
2.18 -0.0954368 -0.071845 -0.0410107 -0.0194356 
2.19 -0.0455666 -0.00622138 0.00900703 0.0305793 
2.2 0.00441759 0.0595818 0.0590023 0.0805177 
2.21 0.0543907 0.125401 0.10885 0.130255 
2.22 0.104228 0.19107 0.158426 0.179666 
2.23 0.153805 0.256427 0.207605 0.228629 
2.24 0.202997 0.321305 0.256265 0.277019 
2.25 0.251682 0.385543 0.304284 0.324718 
2.26 0.299737 0.448977 0.351542 0.371604 
2.27 0.347044 0.511448 0.397921 0.417561 
2.28 0.393483 0.572796 0.443304 0.462475 
2.29 0.438939 0.632865 0.487579 0.506232 
2.3 0.483297 0.691502 0.530633 0.548724 
2.31 0.526448 0.748558 0.572361 0.589844 
2.32 0.568282 0.803884 0.612656 0.629489 
2.33 0.608697 0.857339 0.65142 0.667561 
2.34 0.64759 0.908785 0.688553 0.703963 
2.35 0.684864 0.958087 0.723965 0.738606 
2.36 0.720426 1.00512 0.757565 0.771402 
2.37 0.754188 1.04975 0.78927 0.80227 
2.38 0.786065 1.09187 0.819001 0.831132 
2.39 0.815977 1.13137 0.846683 0.857916 
2.4 0.843849 1.16814 0.872247 0.882556 
2.41 0.869612 1.20208 0.895629 0.904989 
2.42 0.893202 1.2331 0.916771 0.925159 
2.43 0.914559 1.26111 0.93562 0.943017 
2.44 0.93363 1.28604 0.952128 0.958517 
2.45 0.950368 1.30782 0.966254 0.971621 
2.46 0.96473 1.32639 0.977963 0.982296 
2.47 0.976681 1.34168 0.987225 0.990515 
2.48 0.986191 1.35366 0.994018 0.996258 
2.49 0.993235 1.36228 0.998325 0.99951 
2.5 0.997798 1.36752 1.00013 1.00026 
2.51 0.999866 1.36935 0.999441 0.998516 
2.52 0.999435 1.36777 0.996248 0.994272 
2.53 0.996506 1.36276 0.990563 0.987543 
2.54 0.991086 1.35433 0.9824 0.978345 
2.55 0.983189 1.3425 0.971779 0.966701 
2.56 0.972835 1.32728 0.958728 0.95264 
2.57 0.960049 1.3087 0.943278 0.936198 
2.58 0.944863 1.28681 0.925468 0.917415 
2.59 0.927316 1.26164 0.905343 0.896339 
2.6 0.907451 1.23326 0.882954 0.873021 
2.61 0.885318 1.20172 0.858355 0.847522 
2.62 0.860972 1.1671 0.831609 0.819903 
2.63 0.834474 1.12947 0.802783 0.790235 
2.64 0.80589 1.08893 0.771949 0.758591 
2.65 0.775292 1.04556 0.739184 0.72505 
2.66 0.742756 0.999473 0.704569 0.689697 
2.67 0.708364 0.95077 0.668192 0.65262 
2.68 0.672201 0.899568 0.630143 0.613911 
2.69 0.634358 0.84599 0.590518 0.573668 
2.7 0.594929 0.790162 0.549416 0.53199 
2.71 0.554013 0.73222 0.506939 0.488982 
2.72 0.511713 0.672302 0.463193 0.444752 
2.73 0.468134 0.610554 0.41829 0.39941 
2.74 0.423384 0.547125 0.372339 0.353069 
2.75 0.377577 0.482169 0.325457 0.305846 
2.76 0.330825 0.415846 0.277761 0.257858 
2.77 0.283247 0.348317 0.22937 0.209226 
2.78 0.23496 0.279749 0.180406 0.16007 
2.79 0.186087 0.21031 0.130989 0.110514 
2.8 0.136748 0.140171 0.0812454 0.0606821 
2.81 0.0870676 0.0695069 0.0312981 0.0106983 
2.82 0.0371694 -0.00150784 -0.0187275 -0.0393122 
2.83 -0.0128216 -0.0726963 -0.0687064 -0.0892244 
2.84 -0.0627806 -0.143881 -0.118513 -0.138914 
2.85 -0.112583 -0.214884 -0.168024 -0.188255 
2.86 -0.162103 -0.285527 -0.217115 -0.237127 
2.87 -0.211219 -0.355633 -0.265662 -0.285405 
2.88 -0.259806 -0.425026 -0.313545 -0.33297 
2.89 -0.307745 -0.493529 -0.360644 -0.379703 
2.9 -0.354914 -0.560969 -0.40684 -0.425486 
2.91 -0.401195 -0.627176 -0.452019 -0.470205 
2.92 -0.446475 -0.69198 -0.496067 -0.513749 
2.93 -0.490638 -0.755217 -0.538874 -0.556009 
2.94 -0.533575 -0.816723 -0.580334 -0.596879 
2.95 -0.575178 -0.876342 -0.620341 -0.636256 
2.96 -0.615343 -0.933918 -0.658797 -0.674043 
2.97 -0.653971 -0.989304 -0.695605 -0.710144 
2.98 -0.690964 -1.04235 -0.730673 -0.744471 
2.99 -0.726229 -1.09293 -0.763913 -0.776936 
3 -0.75968 -1.1409 -0.795243 -0.807459 
3.01 -0.791232 -1.18614 -0.824582 -0.835963 
3.02 -0.820806 -1.22853 -0.85186 -0.862377 
3.03 -0.848329 -1.26795 -0.877006 -0.886635 
3.04 -0.873731 -1.3043 -0.899958 -0.908677 
3.05 -0.896949 -1.33748 -0.92066 -0.928447 
3.06 -0.917926 -1.3674 -0.939058 -0.945896 
3.07 -0.936608 -1.39398 -0.955107 -0.96098 
3.08 -0.952949 -1.41714 -0.968766 -0.973662 
3.09 -0.966908 -1.43681 -0.980003 -0.983909 
3.1 -0.978451 -1.45294 -0.988788 -0.991697 
3.11 -0.987548 -1.46548 -0.995099 -0.997006 
3.12 -0.994176 -1.47438 -0.998921 -0.999822 
3.13 -0.99832 -1.47963 -1.00024 -1.00014 
3.14 -0.999968 -1.48118 -0.999065 -0.997954 
3.15 -0.999117 -1.47904 -0.995387 -0.993276 
3.16 -0.995769 -1.47319 -0.989219 -0.986114 
3.17 -0.989932 -1.46365 -0.980576 -0.976486 
3.18 -0.98162 -1.45042 -0.96948 -0.964418 
3.19 -0.970855 -1.43354 -0.955959 -0.949938 
3.2 -0.957663 -1.41302 -0.940047 -0.933084 
3.21 -0.942078 -1.38893 -0.921783 -0.913897 
3.22 -0.924138 -1.3613 -0.901213 -0.892425 
3.23 -0.903888 -1.3302 -0.878388 -0.868722 
3.24 -0.881379 -1.2957 -0.853366 -0.842848 
3.25 -0.856667 -1.25787 -0.82621 -0.814866 
3.26 -0.829813 -1.2168 -0.796986 -0.784847 
3.27 -0.800886 -1.17258 -0.765769 -0.752866 
3.28 -0.769956 -1.12533 -0.732636 -0.719003 
3.29 -0.737103 -1.07514 -0.697671 -0.683342 
3.3 -0.702407 -1.02214 -0.660959 -0.645973 
3.31 -0.665955 -0.966454 -0.622595 -0.606989 
3.32 -0.627839 -0.90821 -0.582673 -0.566487 
3.33 -0.588153 -0.847551 -0.541293 -0.52457 
3.34 -0.546997 -0.784621 -0.498559 -0.48134 
3.35 -0.504474 -0.719572 -0.454578 -0.436908 
3.36 -0.460691 -0.652562 -0.40946 -0.391383 
3.37 -0.415755 -0.583753 -0.363317 -0.34488 
3.38 -0.369781 -0.513312 -0.316266 -0.297515 
3.39 -0.322882 -0.441412 -0.268423 -0.249405 
3.4 -0.275177 -0.368228 -0.219909 -0.200673 
3.41 -0.226783 -0.293941 -0.170844 -0.151438 
3.42 -0.177823 -0.218734 -0.121352 -0.101825 
3.43 -0.128418 -0.142792 -0.0715564 -0.0519577 
3.44 -0.0786922 -0.0663025 -0.0215816 -0.00196022 
3.45 -0.0287697 0.0105436 0.0284472 0.0480421 
3.46 0.0212247 0.0875555 0.0784049 0.0979244 
3.47 0.071166 0.164541 0.128167 0.147562 
3.48 0.120929 0.241308 0.177608 0.19683 
3.49 0.170391 0.317663 0.226605 0.245607 
3.5 0.219426 0.393415 0.275035 0.293769 
3.51 0.267913 0.468373 0.322777 0.341197 
3.52 0.31573 0.542347 0.369712 0.387772 
3.53 0.362758 0.615151 0.415722 0.433378 
3.54 0.40888 0.686598 0.460692 0.4779 
3.55 0.453979 0.756508 0.50451 0.521227 
3.56 0.497944 0.824701 0.547065 0.563252 
3.57 0.540664 0.891003 0.588253 0.603868 
3.58 0.582032 0.955243 0.627969 0.642974 
3.59 0.621946 1.01726 0.666114 0.680474 
3.6 0.660306 1.07688 0.702592 0.716272 
3.61 0.697015 1.13396 0.737314 0.750279 
3.62 0.731981 1.18835 0.77019 0.78241 
3.63 0.765119 1.2399 0.801141 0.812586 
3.64 0.796343 1.28849 0.830087 0.84073 
3.65 0.825578 1.33397 0.856956 0.866772 
3.66 0.852749 1.37623 0.881682 0.890647 
3.67 0.877788 1.41516 0.904203 0.912296 
3.68 0.900634 1.45065 0.924461 0.931664 
3.69 0.921228 1.4826 0.942407 0.948703 
3.7 0.93952 1.51092 0.957996 0.96337 
3.71 0.955463 1.53554 0.971188 0.975628 
3.72 0.969018 1.55637 0.981951 0.985448 
3.73 0.980152 1.57337 0.990257 0.992804 
3.74 0.988835 1.58648 0.996086 0.997678 
3.75 0.995047 1.59566 0.999423 1.00006 
3.76 0.998772 1.60087 1.00026 0.999937 
3.77 1 1.60209 0.998595 0.997317 
3.78 0.998729 1.59931 0.994432 0.992203 
3.79 0.994961 1.59252 0.987781 0.984609 
3.8 0.988707 1.58173 0.97866 0.974553 
3.81 0.979981 1.56697 0.96709 0.962061 
3.82 0.968806 1.54824 0.9531 0.947164 
3.83 0.95521 1.52561 0.936727 0.929899 
3.84 0.939226 1.4991 0.91801 0.910309 
3.85 0.920894 1.46877 0.896997 0.888444 
3.86 0.900261 1.4347 0.87374 0.864357 
3.87 0.877377 1.39696 0.848297 0.838109 
3.88 0.852301 1.35563 0.820732 0.809767 
3.89 0.825094 1.31081 0.791113 0.779399 
3.9 0.795825 1.2626 0.759516 0.747084 
3.91 0.764567 1.21111 0.726019 0.7129 
3.92 0.731397 1.15646 0.690705 0.676934 
3.93 0.6964 1.09879 0.653664 0.639276 
3.94 0.659662 1.03823 0.614987 0.60002 
3.95 0.621275 0.974916 0.574772 0.559264 
3.96 0.581335 0.90901 0.533119 0.517109 
3.97 0.539943 0.840667 0.490132 0.473662 
3.98 0.4972 0.770051 0.445919 0.429031 
3.99 0.453215 0.697333 0.400591 0.383327 
4 0.408097 0.62269 0.35426 0.336664 
4.01 0.361958 0.546304 0.307043 0.28916 
4.02 0.314915 0.468361 0.259058 0.240934 
4.03 0.267084 0.389053 0.210425 0.192104 
4.04 0.218585 0.308573 0.161265 0.142795 
4.05 0.16954 0.227121 0.111702 0.0931286 
4.06 0.120072 0.144897 0.0618596 0.0432293 
4.07 0.0703029 0.062106 0.0118621 -0.00677802 
4.08 0.0203584 -0.0210476 -0.0381651 -0.0567684 
4.09 -0.029637 -0.104356 -0.088097 -0.106617 
4.1 -0.0795583 -0.187613 -0.137809 -0.156199 
4.11 -0.129281 -0.270608 -0.187175 -0.20539 
4.12 -0.17868 -0.353134 -0.236074 -0.254068 
4.13 -0.227633 -0.434984 -0.284382 -0.302111 
4.14 -0.276016 -0.515951 -0.331979 -0.349398 
4.15 -0.32371 -0.595831 -0.378746 -0.395812 
4.16 -0.370595 -0.67442 -0.424565 -0.441237 
4.17 -0.416553 -0.751521 -0.469322 -0.485558 
4.18 -0.46147 -0.826935 -0.512905 -0.528666 
4.19 -0.505234 -0.90047 -0.555206 -0.570452 
4.2 -0.547734 -0.971938 -0.596117 -0.610811 
4.21 -0.588866 -1.04115 -0.635537 -0.649644 
4.22 -0.628526 -1.10794 -0.673368 -0.686852 
4.23 -0.666614 -1.17213 -0.709514 -0.722344 
4.24 -0.703037 -1.23354 -0.743885 -0.756029 
4.25 -0.737702 -1.29202 -0.776395 -0.787825 
4.26 -0.770523 -1.34742 -0.806963 -0.817651 
4.27 -0.801418 -1.39959 -0.835513 -0.845433 
4.28 -0.83031 -1.44839 -0.861973 -0.871101 
4.29 -0.857126 -1.4937 -0.886276 -0.894591 
4.3 -0.8818 -1.53538 -0.908362 -0.915845 
4.31 -0.90427 -1.57333 -0.928176 -0.93481 
4.32 -0.924479 -1.60743 -0.945668 -0.951437 
4.33 -0.942378 -1.63761 -0.960795 -0.965686 
4.34 -0.957921 -1.66377 -0.973518 -0.97752 
4.35 -0.97107 -1.68583 -0.983806 -0.986911 
4.36 -0.981791 -1.70373 -0.991632 -0.993835 
4.37001 -0.990059 -1.71742 -0.996978 -0.998273 
4.38001 -0.995851 -1.72685 -0.999831 -1.00022 
4.39001 -0.999155 -1.73199 -1.00018 -0.999659 
4.40001 -0.999961 -1.73281 -0.998031 -0.996603 
4.41001 -0.998267 -1.72929 -0.993383 -0.991055 
4.42001 -0.994078 -1.72145 -0.98625 -0.983029 
4.43001 -0.987404 -1.70928 -0.97665 -0.972546 
4.44001 -0.978263 -1.69281 -0.964607 -0.959631 
4.45001 -0.966676 -1.67207 -0.950151 -0.944318 
4.46001 -0.952672 -1.6471 -0.933318 -0.926643 
4.47001 -0.936288 -1.61794 -0.91415 -0.906652 
4.48001 -0.917563 -1.58467 -0.892696 -0.884394 
4.49001 -0.896544 -1.54735 -0.869008 -0.859926 
4.50001 -0.873285 -1.50607 -0.843146 -0.833307 
4.51001 -0.847843 -1.46092 -0.815175 -0.804606 
4.52001 -0.820281 -1.41201 -0.785165 -0.773892 
4.53001 -0.790669 -1.35944 -0.753191 -0.741244 
4.54001 -0.759081 -1.30335 -0.719332 -0.706743 
4.55001 -0.725595 -1.24385 -0.683674 -0.670475 
4.56001 -0.690296 -1.1811 -0.646306 -0.632531 
4.57001 -0.653271 -1.11524 -0.607321 -0.593006 
4.58001 -0.614613 -1.04642 -0.566816 -0.551998 
4.59001 -0.574419 -0.974819 -0.524894 -0.50961 
4.60001 -0.532789 -0.9006 -0.481658 -0.465948 
4.61001 -0.489827 -0.823944 -0.437218 -0.421121 
4.62001 -0.445641 -0.745037 -0.391683 -0.375241 
4.63001 -0.400342 -0.664069 -0.345169 -0.328423 
4.64001 -0.354041 -0.581239 -0.297791 -0.280784 
4.65001 -0.306855 -0.496749 -0.249668 -0.232443 
4.66001 -0.258903 -0.410805 -0.200921 -0.183522 
4.67001 -0.210303 -0.32362 -0.151671 -0.134141 
4.68001 -0.161178 -0.235408 -0.102041 -0.0844248 
4.69001 -0.111649 -0.146386 -0.0521561 -0.0344976 
4.70001 -0.061842 -0.0567765 -0.00214055 0.0155157 
4.71001 -0.0118801 0.0331993 0.0478804 0.0654903 
4.72001 0.0381116 0.123317 0.0977817 0.115301 
4.73001 0.0880079 0.213352 0.147438 0.164824 
4.74001 0.137684 0.303078 0.196726 0.213934 
4.75001 0.187017 0.392271 0.245522 0.26251 
4.76001 0.235881 0.480707 0.293704 0.31043 
4.77001 0.284156 0.568161 0.341151 0.357573 
4.78001 0.331721 0.654414 0.387745 0.403822 
4.79001 0.378457 0.739247 0.433369 0.449062 
4.80001 0.424247 0.822443 0.477909 0.493179 
4.81002 0.468976 0.903792 0.521254 0.536064 
4.82002 0.512533 0.983084 0.563294 0.577608 
4.83002 0.554809 1.06012 0.603926 0.617708 
4.84002 0.595698 1.13469 0.643047 0.656264 
4.85002 0.635098 1.20662 0.680559 0.693179 
4.86002 0.672911 1.2757 0.716369 0.728361 
4.87002 0.709041 1.34178 0.750387 0.761722 
4.88002 0.7434 1.40466 0.782527 0.793179 
4.89002 0.7759 1.46419 0.812711 0.822654 
4.90002 0.806461 1.5202 0.840861 0.850071 
4.91002 0.835005 1.57256 0.866908 0.875363 
4.92002 0.861463 1.62111 0.890786 0.898467 
4.93002 0.885767 1.66574 0.912436 0.919325 
4.94002 0.907858 1.70631 0.931804 0.937884 
4.95002 0.927679 1.74271 0.94884 0.954099 
4.96002 0.945181 1.77486 0.963503 0.967928 
4.97002 0.960321 1.80264 0.975756 0.979338 
4.98002 0.97306 1.82599 0.985568 0.988299 
4.99002 0.983367 1.84483 0.992915 0.994789 
