0.010000 0.197803
0.020000 0.198528
0.030000 0.200203
0.040000 0.200438
0.050000 0.200756
0.060000 0.200948
0.070000 0.201079
0.080000 0.201289
0.090000 0.201611
0.100000 0.202057
0.110000 0.202407
0.120000 0.202832
0.130000 0.203353
0.140000 0.203844
0.150000 0.204449
0.160000 0.205046
0.170000 0.205738
0.180000 0.206404
0.190000 0.207162
0.200000 0.207965
0.210000 0.208778
0.220000 0.209718
0.230000 0.210651
0.240000 0.211635
0.250000 0.212684
0.260000 0.213790
0.270000 0.214960
0.280000 0.216201
0.290000 0.217466
0.300000 0.218775
0.310000 0.220148
0.320000 0.221587
0.330000 0.223103
0.340000 0.224660
0.350000 0.226322
0.360000 0.228018
0.370000 0.229832
0.380000 0.231674
0.390000 0.233697
0.400000 0.235714
0.410000 0.237796
0.420000 0.240026
0.430000 0.242385
0.440000 0.244768
0.450000 0.247268
0.460000 0.249866
0.470000 0.252598
0.480000 0.255473
0.490000 0.258439
0.500000 0.261558
0.510000 0.264707
0.520000 0.268112
0.530000 0.271605
0.540000 0.275348
0.550000 0.279066
0.560000 0.283062
0.570000 0.287341
0.580000 0.291601
0.590000 0.296175
0.600000 0.300933
0.610000 0.305886
0.620000 0.311031
0.630000 0.316477
0.640000 0.322184
0.650000 0.328195
0.660000 0.334500
0.670000 0.341002
0.680000 0.347868
0.690000 0.355117
0.700000 0.362669
0.710000 0.370728
0.720000 0.378962
0.730000 0.387694
0.740000 0.396992
0.750000 0.406697
0.760000 0.416730
0.770000 0.427449
0.780000 0.438535
0.790000 0.450146
0.800000 0.462265
0.810000 0.475129
0.820000 0.488265
0.830000 0.502144
0.839999 0.516309
0.849999 0.530899
0.859999 0.545988
0.869999 0.560791
0.879999 0.575826
0.889999 0.591049
0.899999 0.606001
0.909999 0.619991
0.919999 0.633263
0.929999 0.645280
0.939999 0.655721
0.949999 0.664003
0.959999 0.670106
0.969999 0.673491
0.979999 0.674290
0.989999 0.671767
0.999999 0.666772
1.009999 0.658684
1.019999 0.648041
1.029999 0.635189
1.039999 0.620221
1.049999 0.603812
1.059999 0.586303
1.069999 0.567979
1.079999 0.549135
1.089999 0.530178
1.099999 0.511392
1.109999 0.492942
1.119999 0.474650
1.129999 0.457137
1.139999 0.439952
1.149999 0.423604
1.159999 0.407897
1.169999 0.392929
1.179999 0.378492
1.189999 0.364848
1.199999 0.351904
1.209999 0.339479
1.219999 0.327716
1.229999 0.316638
1.239999 0.305870
1.249999 0.295931
1.259999 0.286261
1.269999 0.277187
1.279999 0.268528
1.289999 0.260175
1.299999 0.252370
1.309999 0.244823
1.319999 0.237707
1.329999 0.230914
1.339999 0.224298
1.349999 0.218165
1.359999 0.212220
1.369999 0.206549
1.379999 0.201087
1.389999 0.195873
1.399999 0.190871
1.409999 0.186063
1.419999 0.181500
1.429999 0.177065
1.439999 0.172868
1.449999 0.168751
1.459999 0.164838
1.469999 0.161075
1.479999 0.157446
1.489999 0.153919
1.499999 0.150503
1.509999 0.147290
1.519999 0.144186
1.529999 0.141090
1.539999 0.138248
1.549999 0.135359
1.559999 0.132664
1.569999 0.129974
1.579999 0.127411
1.589999 0.124903
1.599999 0.122520
1.609999 0.120224
1.619999 0.117937
1.629999 0.115776
1.639999 0.113671
1.649999 0.111570
1.659999 0.109595
1.669999 0.107689
1.679999 0.105773
1.689999 0.103900
1.699999 0.102146
1.709999 0.100437
1.719999 0.098752
1.729999 0.097118
1.739999 0.095499
1.749999 0.093991
1.759999 0.092475
1.769999 0.091001
1.779999 0.089542
1.789999 0.088166
1.799999 0.086801
1.809999 0.085447
1.819999 0.084178
1.829999 0.082907
1.839999 0.081682
1.849999 0.080468
1.859999 0.079298
1.869999 0.078157
1.879999 0.077034
1.889999 0.075922
1.899999 0.074853
1.909999 0.073819
1.919999 0.072787
1.929999 0.071791
1.939999 0.070815
1.949998 0.069851
1.959998 0.068927
1.969998 0.068021
1.979998 0.067108
1.989998 0.066227
1.999998 0.065384
2.009999 0.064503
2.019999 0.063711
2.029999 0.062897
2.039999 0.062110
2.049999 0.061326
2.059999 0.060569
2.069999 0.059833
2.079998 0.059094
2.089998 0.058378
2.099998 0.057688
2.109998 0.056986
2.119998 0.056310
2.129998 0.055649
2.139998 0.054990
2.149998 0.054352
2.159998 0.053733
2.169998 0.053123
2.179998 0.052493
2.189998 0.051907
2.199998 0.051336
2.209998 0.050749
2.219998 0.050189
2.229998 0.049647
2.239998 0.049106
2.249998 0.048550
2.259998 0.048039
2.269998 0.047514
2.279998 0.047013
2.289998 0.046519
2.299998 0.046021
2.309998 0.045547
2.319998 0.045076
2.329998 0.044618
2.339998 0.044143
2.349998 0.043699
2.359998 0.043245
2.369998 0.042809
2.379998 0.042386
2.389998 0.041957
2.399998 0.041528
2.409998 0.041121
2.419998 0.040730
2.429998 0.040336
2.439998 0.039933
2.449998 0.039557
2.459998 0.039171
2.469998 0.038793
2.479998 0.038424
2.489998 0.038085
2.499998 0.037715
2.509998 0.037353
2.519998 0.037027
2.529998 0.036673
2.539998 0.036338
2.549998 0.036001
2.559998 0.035679
2.569998 0.035344
2.579998 0.035019
2.589998 0.034712
2.599998 0.034404
2.609998 0.034106
2.619998 0.033799
2.629998 0.033499
2.639998 0.033211
2.649998 0.032926
2.659998 0.032639
2.669998 0.032352
2.679998 0.032079
2.689998 0.031809
2.699998 0.031536
2.709998 0.031263
2.719998 0.031007
2.729998 0.030752
2.739998 0.030502
2.749998 0.030237
2.759998 0.029992
2.769998 0.029739
2.779998 0.029503
2.789998 0.029254
2.799998 0.029019
2.809998 0.028786
2.819998 0.028553
2.829998 0.028336
2.839998 0.028106
2.849998 0.027881
2.859998 0.027660
2.869998 0.027447
2.879998 0.027242
2.889998 0.027013
2.899998 0.026805
2.909998 0.026602
2.919998 0.026398
2.929998 0.026198
2.939998 0.025991
2.949998 0.025791
2.959998 0.025603
2.969998 0.025404
2.979998 0.025214
2.989998 0.025028
2.999998 0.024850
