1E-06 0.228045
0.00250098 0.00014643
0.00500095 0.000770041
0.00750093 0.0018983
0.0100009 0.00333924
0.0125009 0.00526432
0.0150008 0.00756409
0.0175008 0.0102687
0.0200008 0.013438
0.0225008 0.0170384
0.0250008 0.0210008
0.0275007 0.0254509
0.0300007 0.0303204
0.0325007 0.03558
0.0350007 0.041304
0.0375006 0.0475671
0.0400006 0.0539978
0.0425006 0.0611614
0.0450006 0.0688614
0.0475005 0.0767975
0.0500005 0.0848704
0.0525005 0.094172
0.0550005 0.103116
0.0575004 0.112799
0.0600004 0.123902
0.0625004 0.134337
0.0650004 0.14542
0.0675003 0.158146
0.0700003 0.170188
0.0725003 0.182602
0.0750003 0.197032
0.0775002 0.211119
0.0800002 0.225696
0.0825002 0.241764
0.0850002 0.257217
0.0875001 0.273182
0.0900001 0.290857
0.0925001 0.310092
0.0950001 0.329287
0.0975 0.347309
