0 0
0.01 -2.60451E-07
0.02 -2.603E-06
0.03 -7.01789E-06
0.04 -1.3485E-05
0.05 -2.19715E-05
0.06 -3.24383E-05
0.07 -4.48409E-05
0.08 -5.91144E-05
0.09 -7.51883E-05
0.1 -9.29833E-05
0.11 -0.000112411
0.12 -0.000133373
0.13 -0.000155742
0.14 -0.000179423
0.15 -0.000204296
0.16 -0.000230231
0.17 -0.000257095
0.18 -0.000284747
0.19 -0.00031304
0.2 -0.000341822
0.21 -0.000370938
0.22 -0.000400228
0.23 -0.000429529
0.24 -0.000458677
0.25 -0.000487503
0.26 -0.00051591
0.27 -0.000543661
0.28 -0.000570585
0.29 -0.000596513
0.3 -0.000621277
0.31 -0.000644713
0.32 -0.000666658
0.33 -0.000686952
0.34 -0.000705441
0.35 -0.000721973
0.36 -0.000736405
0.37 -0.000748596
0.38 -0.000758415
0.39 -0.000765736
0.4 -0.000770442
0.41 -0.000772424
0.42 -0.000771581
0.43 -0.000767822
0.44 -0.000761065
0.45 -0.000751241
0.46 -0.000738287
0.47 -0.000722155
0.48 -0.000702805
0.49 -0.000680213
0.5 -0.000654361
0.51 -0.000625248
0.52 -0.000592883
0.53 -0.000557287
0.54 -0.000518495
0.55 -0.000476554
0.56 -0.000431521
0.57 -0.00038347
0.58 -0.000332484
0.59 -0.000278659
0.6 -0.000222104
0.61 -0.000162939
0.62 -0.000101296
0.63 -3.73186E-05
0.64 2.88389E-05
0.65 9.70116E-05
0.66 0.000167024
0.67 0.000238691
0.68 0.000311818
0.69 0.000386202
0.7 0.000461631
0.71 0.000537887
0.72 0.000614743
0.73 0.000691966
0.74 0.000769319
0.75 0.000846558
0.76 0.000923435
0.77 0.000999701
0.78 0.0010751
0.79 0.00114938
0.8 0.00122228
0.81 0.00129355
0.82 0.00136292
0.83 0.00143015
0.839999 0.00149498
0.849999 0.00155716
0.859999 0.00161645
0.869999 0.0016726
0.879999 0.00172537
0.889999 0.00177455
0.899999 0.00181991
0.909999 0.00186123
0.919999 0.0018983
0.929999 0.00193094
0.939999 0.00195896
0.949999 0.00198218
0.959999 0.00200045
0.969999 0.0020136
0.979999 0.00202151
0.989999 0.00202404
0.999999 0.0020211
1.01 0.00201231
1.02 0.00199815
1.03 0.00197828
1.04 0.00195264
1.05 0.00192121
1.06 0.00188397
1.07 0.00184093
1.08 0.00179211
1.09 0.00173754
1.1 0.00167727
1.11 0.00161139
1.12 0.00153998
1.13 0.00146314
1.14 0.00138101
1.15 0.00129373
1.16 0.00120146
1.17 0.00110437
1.18 0.00100265
1.19 0.00089652
1.2 0.000786202
1.21 0.000671936
1.22 0.000553977
1.23 0.000432595
1.24 0.000308074
1.25 0.000180709
1.26 5.08098E-05
1.27 -8.1304E-05
1.28 -0.000215301
1.29 -0.000350841
1.3 -0.000487574
1.31 -0.000625141
1.32 -0.000763177
1.33 -0.000901311
1.34 -0.00103917
1.35 -0.00117636
1.36 -0.00131251
1.37 -0.00144723
1.38 -0.00158013
1.39 -0.00171083
1.4 -0.00183893
1.41 -0.00196406
1.42 -0.00208583
1.43 -0.00220387
1.44 -0.0023178
1.45 -0.00242727
1.46 -0.00253191
1.47 -0.00263139
1.48 -0.00272536
1.49 -0.0028135
1.5 -0.00289549
1.51 -0.00297103
1.52 -0.00303984
1.53 -0.00310165
1.54 -0.00315619
1.55 -0.00320324
1.56 -0.00324257
1.57 -0.00327398
1.58 -0.00329728
1.59 -0.00331232
1.6 -0.00331895
1.61 -0.00331705
1.62 -0.00330653
1.63 -0.0032873
1.64 -0.00325931
1.65 -0.00322254
1.66 -0.00317697
1.67 -0.00312262
1.68 -0.00305954
1.69 -0.00298779
1.7 -0.00290746
1.71 -0.00281866
1.72 -0.00272153
1.73 -0.00261624
1.74 -0.00250296
1.75 -0.00238191
1.76 -0.00225333
1.77 -0.00211746
1.78 -0.00197458
1.79 -0.001825
1.8 -0.00166904
1.81 -0.00150703
1.82 -0.00133933
1.83 -0.00116634
1.84 -0.000988439
1.85 -0.000806049
1.86 -0.000619603
1.87 -0.000429546
1.88 -0.000236339
1.89 -4.04578E-05
1.9 0.000157613
1.91 0.000357375
1.92 0.000558323
1.93 0.000759943
1.94 0.000961713
1.95 0.00116311
1.96 0.00136359
1.97 0.00156264
1.98 0.0017597
1.99 0.00195426
2 0.00214577
2.01 0.00233336
2.02 0.00251718
2.03 0.00269637
2.04 0.00287044
2.05 0.00303886
2.06 0.00320116
2.07 0.00335685
2.08 0.00350546
2.09 0.00364653
2.1 0.00377963
2.11 0.00390434
2.12 0.00402025
2.13 0.00412698
2.14 0.00422416
2.15 0.00431146
2.16 0.00438856
2.17 0.00445517
2.18 0.004511
2.19 0.00455583
2.2 0.00458944
2.21 0.00461163
2.22 0.00462226
2.23 0.00462118
2.24 0.00460829
2.25 0.00458354
2.26 0.00454686
2.27 0.00449826
2.28 0.00443776
2.29 0.00436541
2.3 0.00428129
2.31 0.00418552
2.32 0.00407825
2.33 0.00395965
2.34 0.00382995
2.35 0.00368936
2.36 0.00353818
2.37 0.0033767
2.38 0.00320525
2.39 0.00302419
2.4 0.00283391
2.41 0.00263482
2.42 0.00242736
2.43 0.002212
2.44 0.00198923
2.45 0.00175956
2.46 0.00152354
2.47 0.00128171
2.48 0.00103465
2.49 0.000782963
2.5 0.000527251
2.51 0.000268144
2.52 6.28121E-06
2.53 -0.000257685
2.54 -0.000523093
2.55 -0.00078927
2.56 -0.00105554
2.57 -0.00132122
2.58 -0.00158561
2.59 -0.00184804
2.6 -0.00210781
2.61 -0.00236423
2.62 -0.00261662
2.63 -0.0028643
2.64 -0.0031066
2.65 -0.00334286
2.66 -0.00357242
2.67 -0.00379464
2.68 -0.00400891
2.69 -0.00421461
2.7 -0.00441115
2.71 -0.00459796
2.72 -0.00477449
2.73 -0.00494021
2.74 -0.00509462
2.75 -0.00523723
2.76 -0.00536761
2.77 -0.00548532
2.78 -0.00558998
2.79 -0.00568122
2.8 -0.00575871
2.81 -0.00582216
2.82 -0.0058713
2.83 -0.00590592
2.84 -0.00592581
2.85 -0.00593082
2.86 -0.00592084
2.87 -0.00589578
2.88 -0.00585562
2.89 -0.00580034
2.9 -0.00572998
2.91 -0.00564462
2.92 -0.00554437
2.93 -0.0054294
2.94 -0.00529988
2.95 -0.00515606
2.96 -0.00499821
2.97 -0.00482663
2.98 -0.00464167
2.99 -0.00444371
3 -0.00423318
3.01 -0.00401052
3.02 -0.00377623
3.03 -0.00353082
3.04 -0.00327485
3.05 -0.0030089
3.06 -0.00273359
3.07 -0.00244956
3.08 -0.00215747
3.09 -0.00185802
3.1 -0.00155193
3.11 -0.00123992
3.12 -0.00092277
3.13 -0.000601242
3.14 -0.000276132
3.15 5.17553E-05
3.16 0.000381601
3.17 0.000712577
3.18 0.00104385
3.19 0.00137457
3.2 0.0017039
3.21 0.00203098
3.22 0.00235498
3.23 0.00267505
3.24 0.00299034
3.25 0.00330003
3.26 0.00360329
3.27 0.00389931
3.28 0.00418729
3.29 0.00446646
3.3 0.00473605
3.31 0.0049953
3.32 0.00524351
3.33 0.00547998
3.34 0.00570403
3.35 0.00591501
3.36 0.00611232
3.37 0.00629537
3.38 0.0064636
3.39 0.00661652
3.4 0.00675363
3.41 0.00687449
3.42 0.00697871
3.43 0.00706591
3.44 0.00713579
3.45 0.00718806
3.46 0.00722248
3.47 0.00723888
3.48 0.00723709
3.49 0.00721702
3.5 0.00717862
3.51 0.00712188
3.52 0.00704685
3.53 0.00695359
3.54 0.00684227
3.55 0.00671304
3.56 0.00656614
3.57 0.00640184
3.58 0.00622047
3.59 0.00602239
3.6 0.005808
3.61 0.00557776
3.62 0.00533218
3.63 0.00507178
3.64 0.00479715
3.65 0.0045089
3.66 0.00420769
3.67 0.00389422
3.68 0.00356922
3.69 0.00323344
3.7 0.00288768
3.71 0.00253276
3.72 0.00216954
3.73 0.00179888
3.74 0.0014217
3.75 0.0010389
3.76 0.000651445
3.77 0.000260275
3.78 -0.000133633
3.79 -0.000529294
3.8 -0.000925716
3.81 -0.0013219
3.82 -0.00171683
3.83 -0.00210951
3.84 -0.00249893
3.85 -0.00288409
3.86 -0.00326398
3.87 -0.00363762
3.88 -0.00400403
3.89 -0.00436224
3.9 -0.0047113
3.91 -0.00505029
3.92 -0.00537829
3.93 -0.00569442
3.94 -0.00599781
3.95 -0.00628763
3.96 -0.00656308
3.97 -0.00682339
3.98 -0.00706782
3.99 -0.00729568
4 -0.0075063
4.01 -0.00769795
4.02 -0.00787114
4.03 -0.00802533
4.04 -0.00816004
4.05 -0.00827484
4.06 -0.00836936
4.07 -0.00844326
4.08 -0.00849624
4.09 -0.0085281
4.1 -0.00853864
4.11 -0.00852774
4.12 -0.00849533
4.13 -0.0084414
4.14 -0.00836597
4.15 -0.00826915
4.16 -0.00815109
4.17 -0.00801197
4.18 -0.00785206
4.19 -0.00767168
4.2 -0.00747117
4.21 -0.00725097
4.22 -0.00701152
4.23 -0.00675337
4.24 -0.00647706
4.25 -0.00618323
4.26 -0.00587253
4.27 -0.00554567
4.28 -0.00520341
4.29 -0.00484654
4.3 -0.0044759
4.31 -0.00409237
4.32 -0.00369686
4.33 -0.0032903
4.34 -0.00287369
4.35 -0.00244803
4.36 -0.00201435
4.37001 -0.00157371
4.38001 -0.0011272
4.39001 -0.000675922
4.40001 -0.000220987
4.41001 0.000236469
4.42001 0.000695302
4.43001 0.00115436
4.44001 0.00161249
4.45001 0.00206852
4.46001 0.0025213
4.47001 0.00296967
4.48001 0.00341249
4.49001 0.0038486
4.50001 0.00427688
4.51001 0.00469622
4.52001 0.00510553
4.53001 0.00550372
4.54001 0.00588974
4.55001 0.00626258
4.56001 0.00662123
4.57001 0.00696474
4.58001 0.00729216
4.59001 0.00760262
4.60001 0.00789525
4.61001 0.00816924
4.62001 0.00842383
4.63001 0.0086583
4.64001 0.00887196
4.65001 0.00906421
4.66001 0.00923445
4.67001 0.00938218
4.68001 0.00950693
4.69001 0.00960829
4.70001 0.00968591
4.71001 0.0097395
4.72001 0.00976884
4.73001 0.00977373
4.74001 0.00975408
4.75001 0.00970984
4.76001 0.00964102
4.77001 0.00954769
4.78001 0.00942999
4.79001 0.00928812
4.80001 0.00912235
4.81002 0.00893299
4.82002 0.00872043
4.83002 0.00848512
4.84002 0.00822755
4.85002 0.00794829
4.86002 0.00764796
4.87002 0.00732723
4.88002 0.00698683
4.89002 0.00662755
4.90002 0.0062502
4.91002 0.00585568
4.92002 0.00544492
4.93002 0.00501887
4.94002 0.00457857
4.95002 0.00412505
4.96002 0.00365943
4.97002 0.00318281
4.98002 0.00269636
4.99002 0.00220127
